0 0.54931640625 0.52880859375 0.0224609375 0.0263671875
0 0.53564453125 0.54150390625 0.0185546875 0.0185546875
0 0.54150390625 0.5107421875 0.0205078125 0.03515625
0 0.51806640625 0.5146484375 0.0244140625 0.037109375
0 0.62109375 0.2626953125 0.013671875 0.021484375
0 0.6298828125 0.27978515625 0.02734375 0.0419921875
0 0.6142578125 0.30078125 0.0234375 0.03125
0 0.54931640625 0.24462890625 0.0302734375 0.0224609375
0 0.548828125 0.271484375 0.0234375 0.03125
0 0.5810546875 0.24853515625 0.015625 0.0244140625
0 0.59619140625 0.25048828125 0.0166015625 0.0283203125
0 0.576171875 0.2666015625 0.025390625 0.03125
0 0.5869140625 0.27880859375 0.02734375 0.0302734375
0 0.59619140625 0.2958984375 0.0263671875 0.044921875
0 0.57080078125 0.287109375 0.0263671875 0.017578125
0 0.5703125 0.3046875 0.029296875 0.025390625
