0 0.68896484375 0.48779296875 0.0263671875 0.0419921875
0 0.7099609375 0.484375 0.03515625 0.03515625
0 0.666015625 0.509765625 0.025390625 0.03125
0 0.70947265625 0.521484375 0.0341796875 0.029296875
0 0.69921875 0.5322265625 0.048828125 0.025390625
0 0.7783203125 0.17333984375 0.029296875 0.0302734375
0 0.80224609375 0.15625 0.0302734375 0.033203125
0 0.8173828125 0.189453125 0.01953125 0.03515625
0 0.80078125 0.18408203125 0.021484375 0.0224609375
0 0.79345703125 0.19970703125 0.0224609375 0.0205078125
0 0.7919921875 0.21923828125 0.0234375 0.0341796875
0 0.75830078125 0.1787109375 0.0166015625 0.041015625
