0 0.3505859375 0.27099609375 0.046875 0.0634765625
0 0.359375 0.30810546875 0.046875 0.0634765625
0 0.302734375 0.27001953125 0.029296875 0.0380859375
0 0.31787109375 0.30078125 0.0361328125 0.041015625
0 0.66259765625 0.10693359375 0.0849609375 0.0654296875
0 0.564453125 0.09033203125 0.046875 0.0419921875
0 0.55517578125 0.12255859375 0.0361328125 0.0458984375
0 0.611328125 0.12744140625 0.060546875 0.0712890625
0 0.572265625 0.14599609375 0.037109375 0.0341796875
0 0.6220703125 0.16943359375 0.03515625 0.0419921875
0 0.673828125 0.1669921875 0.048828125 0.052734375
0 0.3310546875 0.244140625 0.048828125 0.0546875
0 0.90771484375 0.48583984375 0.0478515625 0.0478515625
0 0.8212890625 0.55029296875 0.0390625 0.0458984375
0 0.751953125 0.388671875 0.0546875 0.0703125
0 0.712890625 0.36669921875 0.048828125 0.0537109375
0 0.69677734375 0.388671875 0.0537109375 0.044921875
0 0.7275390625 0.4384765625 0.05078125 0.06640625
0 0.67529296875 0.67578125 0.0498046875 0.056640625
0 0.70458984375 0.71435546875 0.0439453125 0.0458984375
0 0.66748046875 0.7392578125 0.0556640625 0.052734375
0 0.7041015625 0.75341796875 0.0546875 0.0693359375
0 0.3212890625 0.3291015625 0.021484375 0.03515625
0 0.27197265625 0.2998046875 0.0439453125 0.05078125
0 0.28955078125 0.34521484375 0.0615234375 0.0751953125
0 0.62451171875 0.44287109375 0.0322265625 0.0634765625
0 0.640625 0.46142578125 0.025390625 0.0576171875
0 0.67919921875 0.46923828125 0.0517578125 0.0771484375
0 0.67529296875 0.42138671875 0.0283203125 0.0654296875
0 0.8544921875 0.5478515625 0.03515625 0.07421875
0 0.90625 0.56640625 0.083984375 0.099609375
0 0.8984375 0.43115234375 0.021484375 0.0419921875
0 0.88330078125 0.44287109375 0.0322265625 0.0595703125
0 0.84326171875 0.47412109375 0.0478515625 0.0927734375
0 0.79443359375 0.48486328125 0.0263671875 0.0458984375
0 0.8095703125 0.46875 0.0390625 0.076171875
0 0.6025390625 0.2138671875 0.03515625 0.0546875
0 0.57568359375 0.18115234375 0.0361328125 0.0595703125
0 0.67138671875 0.18896484375 0.0322265625 0.0517578125
