0 0.54833984375 0.533203125 0.0283203125 0.037109375
0 0.53564453125 0.505859375 0.0322265625 0.03125
0 0.52392578125 0.52001953125 0.0302734375 0.0341796875
0 0.58251953125 0.2490234375 0.0205078125 0.029296875
0 0.59814453125 0.263671875 0.0244140625 0.033203125
0 0.6201171875 0.26513671875 0.015625 0.0224609375
0 0.623046875 0.27978515625 0.029296875 0.0458984375
0 0.55517578125 0.2529296875 0.0263671875 0.033203125
0 0.5537109375 0.2763671875 0.0234375 0.0390625
0 0.57958984375 0.2685546875 0.0263671875 0.029296875
0 0.57763671875 0.283203125 0.0126953125 0.03125
0 0.60546875 0.296875 0.044921875 0.033203125
0 0.57666015625 0.30712890625 0.0302734375 0.0302734375
