0 0.1162109375 0.7109375 0.05859375 0.0390625
0 0.1103515625 0.72900390625 0.04296875 0.0498046875
0 0.125 0.7802734375 0.052734375 0.060546875
0 0.078125 0.7666015625 0.056640625 0.0546875
0 0.0380859375 0.75732421875 0.046875 0.0439453125
0 0.0361328125 0.70849609375 0.05078125 0.0615234375
0 0.798828125 0.82275390625 0.044921875 0.0341796875
0 0.775390625 0.8447265625 0.076171875 0.056640625
0 0.80322265625 0.8720703125 0.0419921875 0.037109375
0 0.75390625 0.88623046875 0.060546875 0.0458984375
0 0.76611328125 0.9150390625 0.0771484375 0.041015625
0 0.787109375 0.93994140625 0.044921875 0.0400390625
0 0.2587890625 0.66748046875 0.072265625 0.0458984375
0 0.259765625 0.69775390625 0.068359375 0.0419921875
0 0.279296875 0.73486328125 0.064453125 0.0302734375
0 0.26171875 0.79638671875 0.068359375 0.0693359375
0 0.306640625 0.77734375 0.037109375 0.05078125
0 0.33251953125 0.80126953125 0.0537109375 0.0537109375
0 0.306640625 0.8408203125 0.04296875 0.0546875
0 0.3232421875 0.82373046875 0.0703125 0.0439453125
0 0.3740234375 0.79296875 0.05078125 0.060546875
0 0.39404296875 0.82958984375 0.0673828125 0.0556640625
0 0.357421875 0.861328125 0.064453125 0.056640625
0 0.47802734375 0.38330078125 0.0615234375 0.0693359375
0 0.505859375 0.42431640625 0.0546875 0.0556640625
0 0.51904296875 0.44775390625 0.0517578125 0.0576171875
0 0.48828125 0.484375 0.033203125 0.05078125
0 0.58056640625 0.4423828125 0.0537109375 0.064453125
0 0.56982421875 0.47314453125 0.0439453125 0.0751953125
0 0.52587890625 0.484375 0.0283203125 0.0625
0 0.55810546875 0.5 0.0478515625 0.04296875
0 0.61767578125 0.4638671875 0.0537109375 0.041015625
0 0.599609375 0.49462890625 0.060546875 0.0576171875
0 0.62060546875 0.5224609375 0.0771484375 0.05078125
0 0.6201171875 0.55078125 0.0625 0.044921875
0 0.56396484375 0.55517578125 0.0361328125 0.0595703125
0 0.46240234375 0.46923828125 0.0556640625 0.0498046875
