0 0.16015625 0.65966796875 0.0234375 0.0185546875
0 0.19580078125 0.6728515625 0.0263671875 0.025390625
0 0.1748046875 0.66650390625 0.021484375 0.0224609375
0 0.1767578125 0.6875 0.01953125 0.01953125
0 0.193359375 0.6953125 0.013671875 0.03125
0 0.13671875 0.68408203125 0.01953125 0.0263671875
0 0.1513671875 0.68408203125 0.021484375 0.0263671875
0 0.17626953125 0.7255859375 0.0205078125 0.0234375
0 0.16552734375 0.72216796875 0.0166015625 0.0283203125
0 0.15185546875 0.72265625 0.0205078125 0.03515625
0 0.1513671875 0.70654296875 0.015625 0.0419921875
0 0.14013671875 0.7080078125 0.0185546875 0.03125
