0 0.404628 0.963279 0.051471 0.063194
0 0.928417 0.671648 0.049740 0.052092
0 0.346886 0.404782 0.047578 0.054654
0 0.430363 0.168659 0.056228 0.067464
0 0.454369 0.134500 0.039360 0.053800
0 0.496972 0.271990 0.044983 0.053800
0 0.565311 0.334330 0.050173 0.058924
0 0.750433 0.616994 0.049308 0.057216
0 0.816176 0.523057 0.049308 0.057216
0 0.832180 0.620837 0.046713 0.051238
0 0.928417 0.787788 0.055796 0.057216
0 0.580450 0.904355 0.048443 0.040991
0 0.647491 0.868061 0.050173 0.050384
0 0.330666 0.940222 0.037630 0.056362
0 0.535683 0.812980 0.039360 0.052946
0 0.545631 0.785653 0.047145 0.051238
0 0.067907 0.724594 0.050173 0.045260
0 0.201341 0.578138 0.049740 0.049530
0 0.353157 0.254056 0.032439 0.052092
0 0.556012 0.081981 0.038495 0.042699
0 0.738754 0.323655 0.044983 0.044406
0 0.686851 0.290350 0.038927 0.035867
0 0.616349 0.415030 0.046713 0.030743
0 0.548659 0.406063 0.025519 0.055508
0 0.888192 0.447908 0.036765 0.050384
0 0.892517 0.259180 0.034170 0.048676
0 0.926038 0.507259 0.038062 0.027327
0 0.741349 0.795047 0.037197 0.034159
0 0.722102 0.853971 0.040225 0.030743
0 0.697881 0.865500 0.033304 0.029889
0 0.760813 0.944065 0.038927 0.036721
0 0.495242 0.748933 0.025087 0.051238
0 0.493296 0.828779 0.031574 0.045260
0 0.491566 0.963279 0.031574 0.056362
0 0.524221 0.953886 0.027682 0.059778
0 0.611808 0.948762 0.037630 0.029035
0 0.714533 0.575149 0.043253 0.035013
0 0.317258 0.549103 0.021194 0.042699
0 0.280493 0.651580 0.022059 0.046114
0 0.75244140625 0.97607421875 0.0400390625 0.0400390625
0 0.98583984375 0.84326171875 0.0244140625 0.0380859375
0 0.7919921875 0.4638671875 0.0390625 0.0546875
1 0.60693359375 0.63671875 0.0537109375 0.048828125
1 0.64208984375 0.6552734375 0.0458984375 0.0390625
1 0.55419921875 0.6650390625 0.0380859375 0.052734375
1 0.583984375 0.68310546875 0.048828125 0.0537109375
1 0.63330078125 0.69970703125 0.0556640625 0.0439453125
0 0.34912109375 0.05859375 0.0244140625 0.05859375
0 0.150390625 0.03759765625 0.021484375 0.0302734375
0 0.0234375 0.04248046875 0.029296875 0.0380859375
0 0.0234375 0.0859375 0.01953125 0.029296875
0 0.04833984375 0.07861328125 0.0302734375 0.0458984375
0 0.056640625 0.16015625 0.021484375 0.046875
0 0.068359375 0.119140625 0.009765625 0.017578125
0 0.10595703125 0.15185546875 0.0087890625 0.0283203125
0 0.1689453125 0.16796875 0.033203125 0.03515625
0 0.1904296875 0.17919921875 0.0234375 0.0439453125
0 0.201171875 0.28076171875 0.046875 0.0498046875
0 0.26806640625 0.2607421875 0.0419921875 0.048828125
0 0.24609375 0.28173828125 0.03515625 0.0283203125
0 0.27294921875 0.30908203125 0.0380859375 0.0341796875
0 0.17138671875 0.36572265625 0.0498046875 0.0556640625
0 0.02783203125 0.34228515625 0.0166015625 0.0224609375
0 0.0859375 0.39697265625 0.013671875 0.0185546875
0 0.0859375 0.419921875 0.046875 0.03515625
0 0.0986328125 0.46728515625 0.0390625 0.0439453125
0 0.1259765625 0.4912109375 0.021484375 0.037109375
0 0.16015625 0.53271484375 0.048828125 0.0439453125
0 0.27197265625 0.4306640625 0.0244140625 0.03515625
0 0.25048828125 0.64111328125 0.0126953125 0.0380859375
0 0.20068359375 0.7216796875 0.0439453125 0.0546875
0 0.17236328125 0.748046875 0.0341796875 0.02734375
0 0.0703125 0.59765625 0.029296875 0.046875
0 0.052734375 0.5205078125 0.021484375 0.03515625
0 0.0673828125 0.6708984375 0.03515625 0.05859375
0 0.029296875 0.76416015625 0.025390625 0.0322265625
0 0.05419921875 0.81494140625 0.0185546875 0.0341796875
0 0.04150390625 0.87451171875 0.0458984375 0.0517578125
0 0.15283203125 0.91455078125 0.0322265625 0.0283203125
0 0.23291015625 0.98193359375 0.0224609375 0.0185546875
0 0.30078125 0.88037109375 0.021484375 0.0517578125
0 0.36669921875 0.533203125 0.0205078125 0.041015625
0 0.38037109375 0.568359375 0.0205078125 0.046875
0 0.39501953125 0.65380859375 0.0498046875 0.0576171875
0 0.90234375 0.04833984375 0.048828125 0.0615234375
1 0.638671875 0.736328125 0.048828125 0.044921875
1 0.5458984375 0.6220703125 0.03515625 0.03515625
1 0.6689453125 0.595703125 0.0390625 0.0390625
1 0.62109375 0.5888671875 0.041015625 0.03515625
1 0.65185546875 0.55712890625 0.0517578125 0.0556640625
0 0.8115234375 0.87548828125 0.03515625 0.0302734375
