1 0.880859375 0.37255859375 0.017578125 0.0205078125
1 0.87060546875 0.38818359375 0.0126953125 0.0185546875
1 0.89697265625 0.38916015625 0.0185546875 0.0205078125
1 0.90673828125 0.40087890625 0.0224609375 0.0205078125
1 0.9169921875 0.4091796875 0.0234375 0.02734375
1 0.8779296875 0.41650390625 0.009765625 0.0205078125
1 0.86181640625 0.41650390625 0.0126953125 0.0224609375
1 0.85888671875 0.4287109375 0.0146484375 0.017578125
1 0.85498046875 0.43603515625 0.0166015625 0.0244140625
1 0.13818359375 0.67138671875 0.0146484375 0.0146484375
1 0.13916015625 0.6826171875 0.0126953125 0.015625
1 0.11962890625 0.671875 0.0146484375 0.013671875
1 0.126953125 0.69189453125 0.017578125 0.0185546875
1 0.1142578125 0.6865234375 0.005859375 0.025390625
1 0.09619140625 0.67431640625 0.0205078125 0.0166015625
1 0.1083984375 0.677734375 0.01171875 0.01953125
1 0.09716796875 0.68896484375 0.0126953125 0.0146484375
1 0.10205078125 0.70068359375 0.0166015625 0.0185546875
1 0.08935546875 0.708984375 0.0166015625 0.01953125
0 0.1484375 0.06201171875 0.021484375 0.0244140625
0 0.134765625 0.1015625 0.017578125 0.017578125
0 0.06103515625 0.03466796875 0.0166015625 0.0166015625
0 0.09326171875 0.1943359375 0.0166015625 0.009765625
0 0.193359375 0.18115234375 0.013671875 0.0263671875
0 0.236328125 0.3076171875 0.017578125 0.017578125
0 0.05810546875 0.5556640625 0.0146484375 0.017578125
0 0.0556640625 0.56591796875 0.01953125 0.0126953125
0 0.1337890625 0.81005859375 0.015625 0.0166015625
0 0.12548828125 0.8154296875 0.0146484375 0.01953125
0 0.11181640625 0.8798828125 0.0283203125 0.017578125
0 0.193359375 0.85791015625 0.013671875 0.0166015625
0 0.140625 0.9423828125 0.01953125 0.01953125
0 0.30517578125 0.93359375 0.0205078125 0.015625
0 0.33984375 0.8349609375 0.013671875 0.015625
0 0.34765625 0.7998046875 0.017578125 0.01953125
0 0.44482421875 0.95947265625 0.0205078125 0.0166015625
0 0.77294921875 0.91357421875 0.0224609375 0.0224609375
0 0.79833984375 0.9501953125 0.0205078125 0.021484375
0 0.970703125 0.83349609375 0.017578125 0.0224609375
0 0.84375 0.73583984375 0.017578125 0.0205078125
0 0.9169921875 0.46728515625 0.017578125 0.0185546875
0 0.958984375 0.1279296875 0.025390625 0.01953125
0 0.966796875 0.0263671875 0.021484375 0.017578125
0 0.896484375 0.072265625 0.01953125 0.01953125
0 0.86376953125 0.2216796875 0.0224609375 0.021484375
0 0.6376953125 0.21142578125 0.01953125 0.0263671875
0 0.6591796875 0.2802734375 0.015625 0.021484375
0 0.4619140625 0.4365234375 0.015625 0.01953125
0 0.49609375 0.54736328125 0.025390625 0.0224609375
0 0.5810546875 0.65771484375 0.017578125 0.0205078125
0 0.494140625 0.7177734375 0.01953125 0.015625
0 0.2978515625 0.6123046875 0.009765625 0.01171875
0 0.30908203125 0.615234375 0.0126953125 0.017578125
0 0.30224609375 0.62646484375 0.0126953125 0.0166015625
0 0.32666015625 0.6630859375 0.0205078125 0.015625
0 0.3876953125 0.68896484375 0.0078125 0.0146484375
0 0.404296875 0.7001953125 0.017578125 0.01953125
0 0.4130859375 0.73291015625 0.015625 0.0205078125
0 0.267578125 0.7109375 0.021484375 0.01171875
0 0.18505859375 0.6875 0.0107421875 0.017578125
0 0.19482421875 0.69482421875 0.0146484375 0.0224609375
0 0.01953125 0.28125 0.013671875 0.01953125
