1 0.6513671875 0.04345703125 0.046875 0.0283203125
1 0.6162109375 0.033203125 0.04296875 0.033203125
1 0.5537109375 0.0390625 0.03125 0.033203125
1 0.56982421875 0.05712890625 0.0517578125 0.0244140625
1 0.57373046875 0.09423828125 0.0439453125 0.0498046875
1 0.61376953125 0.09912109375 0.0361328125 0.0498046875
1 0.2861328125 0.48583984375 0.04296875 0.0439453125
1 0.2314453125 0.51220703125 0.0390625 0.0263671875
1 0.25390625 0.52197265625 0.048828125 0.0576171875
1 0.22021484375 0.546875 0.0224609375 0.052734375
1 0.2392578125 0.57080078125 0.05078125 0.0556640625
1 0.31884765625 0.5068359375 0.0341796875 0.037109375
1 0.28564453125 0.52978515625 0.0380859375 0.0478515625
0 0.62353515625 0.8056640625 0.0576171875 0.052734375
0 0.60888671875 0.5 0.0341796875 0.029296875
0 0.9072265625 0.515625 0.05859375 0.0625
0 0.849609375 0.27783203125 0.041015625 0.0361328125
0 0.86474609375 0.1376953125 0.0498046875 0.03125
0 0.70166015625 0.185546875 0.0361328125 0.04296875
0 0.64599609375 0.16748046875 0.0302734375 0.0322265625
0 0.50537109375 0.16845703125 0.0419921875 0.0478515625
0 0.5107421875 0.09716796875 0.03125 0.0419921875
0 0.4921875 0.05615234375 0.041015625 0.0400390625
0 0.4384765625 0.03173828125 0.05078125 0.0341796875
0 0.31298828125 0.0390625 0.0498046875 0.02734375
0 0.11962890625 0.09326171875 0.0380859375 0.0341796875
0 0.0654296875 0.06591796875 0.044921875 0.0322265625
0 0.28369140625 0.18994140625 0.0458984375 0.0283203125
0 0.2548828125 0.16796875 0.05078125 0.05078125
0 0.2138671875 0.23291015625 0.046875 0.0419921875
0 0.056640625 0.24560546875 0.037109375 0.0439453125
0 0.02978515625 0.2587890625 0.0322265625 0.048828125
0 0.0625 0.298828125 0.037109375 0.02734375
0 0.0576171875 0.18798828125 0.0234375 0.0498046875
0 0.119140625 0.20263671875 0.044921875 0.0458984375
0 0.14453125 0.2685546875 0.037109375 0.033203125
0 0.0751953125 0.66162109375 0.0546875 0.0537109375
0 0.14013671875 0.64599609375 0.0458984375 0.0478515625
0 0.2861328125 0.64990234375 0.0390625 0.0556640625
0 0.3037109375 0.66357421875 0.0390625 0.0380859375
0 0.44140625 0.3974609375 0.037109375 0.03515625
0 0.39794921875 0.43310546875 0.0537109375 0.0380859375
0 0.45556640625 0.5087890625 0.0322265625 0.033203125
0 0.52734375 0.60595703125 0.046875 0.0283203125
0 0.46044921875 0.7841796875 0.0341796875 0.02734375
0 0.63671875 0.91748046875 0.037109375 0.0341796875
0 0.9775390625 0.8779296875 0.0234375 0.0390625
0 0.91162109375 0.90234375 0.0361328125 0.025390625
0 0.81201171875 0.4443359375 0.0458984375 0.044921875
0 0.6376953125 0.33740234375 0.0390625 0.0302734375
0 0.669921875 0.384765625 0.037109375 0.03515625
0 0.76025390625 0.0986328125 0.0458984375 0.064453125
0 0.0673828125 0.87939453125 0.03515625 0.0419921875
0 0.06494140625 0.75927734375 0.0322265625 0.0380859375
0 0.1728515625 0.81640625 0.04296875 0.03125
0 0.21533203125 0.84814453125 0.0302734375 0.0478515625
0 0.16015625 0.72216796875 0.025390625 0.0419921875
0 0.17578125 0.63818359375 0.041015625 0.0341796875
0 0.1748046875 0.5263671875 0.0390625 0.0234375
0 0.2646484375 0.80712890625 0.03125 0.0478515625
0 0.6650390625 0.58251953125 0.03125 0.0478515625
0 0.74267578125 0.52197265625 0.0380859375 0.0400390625
0 0.7255859375 0.65478515625 0.03125 0.0498046875
0 0.96923828125 0.275390625 0.0380859375 0.05859375
0 0.03662109375 0.58251953125 0.0263671875 0.0439453125
0 0.36474609375 0.94873046875 0.0361328125 0.0400390625
0 0.7119140625 0.86572265625 0.017578125 0.0634765625
0 0.86767578125 0.7646484375 0.0322265625 0.033203125
0 0.79248046875 0.5947265625 0.0244140625 0.037109375
0 0.3251953125 0.4501953125 0.03515625 0.0390625
0 0.310546875 0.55908203125 0.029296875 0.0244140625
