1 0.5341796875 0.1611328125 0.0546875 0.056640625
1 0.51708984375 0.1943359375 0.0478515625 0.0546875
1 0.53857421875 0.22509765625 0.0400390625 0.0458984375
1 0.68310546875 0.38525390625 0.0400390625 0.0419921875
1 0.65185546875 0.4091796875 0.0439453125 0.03515625
1 0.7236328125 0.4345703125 0.03515625 0.0390625
1 0.6982421875 0.4609375 0.025390625 0.03515625
1 0.65185546875 0.46484375 0.0361328125 0.029296875
1 0.68212890625 0.49755859375 0.0263671875 0.0341796875
1 0.6435546875 0.5224609375 0.03125 0.03125
1 0.599609375 0.533203125 0.04296875 0.052734375
1 0.60546875 0.48974609375 0.041015625 0.0439453125
1 0.9169921875 0.66552734375 0.03515625 0.0361328125
1 0.90380859375 0.708984375 0.0380859375 0.037109375
1 0.8935546875 0.6513671875 0.03125 0.03515625
1 0.87109375 0.5478515625 0.033203125 0.041015625
1 0.8515625 0.62158203125 0.025390625 0.0341796875
1 0.86328125 0.64697265625 0.025390625 0.0341796875
1 0.8515625 0.69140625 0.025390625 0.04296875
1 0.8359375 0.5439453125 0.021484375 0.033203125
1 0.83056640625 0.5888671875 0.0263671875 0.041015625
1 0.814453125 0.56201171875 0.021484375 0.0322265625
1 0.80029296875 0.52490234375 0.0263671875 0.0283203125
1 0.7900390625 0.46337890625 0.02734375 0.0341796875
1 0.77783203125 0.5048828125 0.0283203125 0.033203125
1 0.7568359375 0.4462890625 0.0234375 0.03515625
1 0.734375 0.48828125 0.02734375 0.025390625
1 0.73046875 0.5205078125 0.025390625 0.01953125
1 0.71533203125 0.55224609375 0.0283203125 0.0439453125
1 0.76806640625 0.55419921875 0.0244140625 0.0341796875
1 0.77587890625 0.611328125 0.0380859375 0.03515625
1 0.8076171875 0.640625 0.04296875 0.029296875
1 0.7998046875 0.68994140625 0.0390625 0.0400390625
1 0.765625 0.7265625 0.03125 0.04296875
1 0.75537109375 0.78857421875 0.0263671875 0.0361328125
1 0.70166015625 0.84619140625 0.0458984375 0.0517578125
1 0.69287109375 0.7578125 0.0361328125 0.041015625
1 0.7216796875 0.69873046875 0.02734375 0.0380859375
1 0.71826171875 0.6044921875 0.0361328125 0.052734375
1 0.68798828125 0.56787109375 0.0341796875 0.0361328125
1 0.63720703125 0.58154296875 0.0302734375 0.0380859375
1 0.6416015625 0.6826171875 0.02734375 0.060546875
1 0.728515625 0.76611328125 0.02734375 0.0458984375
1 0.79736328125 0.72802734375 0.0498046875 0.0439453125
1 0.67578125 0.65380859375 0.03125 0.0478515625
1 0.56689453125 0.185546875 0.0439453125 0.04296875
1 0.60205078125 0.20458984375 0.0439453125 0.0380859375
1 0.5478515625 0.232421875 0.03515625 0.0390625
1 0.56494140625 0.25146484375 0.0400390625 0.0419921875
1 0.5888671875 0.23828125 0.046875 0.037109375
1 0.60400390625 0.25634765625 0.0380859375 0.0439453125
0 0.177734375 0.0498046875 0.044921875 0.046875
0 0.1904296875 0.0859375 0.041015625 0.033203125
0 0.08154296875 0.0771484375 0.0498046875 0.033203125
0 0.02783203125 0.0771484375 0.0205078125 0.048828125
0 0.0439453125 0.103515625 0.03125 0.025390625
0 0.080078125 0.115234375 0.041015625 0.037109375
0 0.02587890625 0.1904296875 0.0302734375 0.044921875
0 0.18212890625 0.13134765625 0.0400390625 0.0517578125
0 0.20556640625 0.1162109375 0.0244140625 0.03125
0 0.3251953125 0.150390625 0.03515625 0.025390625
0 0.248046875 0.17041015625 0.041015625 0.0380859375
0 0.26904296875 0.14501953125 0.0380859375 0.0341796875
0 0.2275390625 0.22705078125 0.05078125 0.0478515625
0 0.0654296875 0.33349609375 0.0546875 0.0556640625
0 0.0986328125 0.44287109375 0.04296875 0.0478515625
0 0.15869140625 0.42822265625 0.0322265625 0.0302734375
0 0.16357421875 0.4580078125 0.0439453125 0.03515625
0 0.09765625 0.4970703125 0.052734375 0.037109375
0 0.0556640625 0.57373046875 0.04296875 0.0478515625
0 0.1953125 0.53076171875 0.041015625 0.0458984375
0 0.18115234375 0.5556640625 0.0244140625 0.02734375
0 0.18896484375 0.576171875 0.0341796875 0.025390625
0 0.146484375 0.62744140625 0.044921875 0.0458984375
0 0.1708984375 0.63916015625 0.02734375 0.0244140625
0 0.16796875 0.66845703125 0.048828125 0.0302734375
0 0.03466796875 0.75146484375 0.0361328125 0.0556640625
0 0.23046875 0.6953125 0.044921875 0.04296875
0 0.1337890625 0.89208984375 0.05078125 0.0322265625
0 0.03369140625 0.95703125 0.0400390625 0.056640625
0 0.1220703125 0.93310546875 0.0234375 0.0166015625
0 0.14013671875 0.95556640625 0.0341796875 0.0439453125
0 0.38818359375 0.5908203125 0.0498046875 0.0546875
0 0.3984375 0.69970703125 0.0390625 0.0263671875
0 0.3935546875 0.724609375 0.041015625 0.0390625
0 0.4130859375 0.85107421875 0.048828125 0.0537109375
0 0.49169921875 0.5478515625 0.0478515625 0.041015625
0 0.54248046875 0.447265625 0.0478515625 0.0390625
0 0.54833984375 0.47998046875 0.0400390625 0.0283203125
0 0.55517578125 0.30859375 0.0439453125 0.05078125
0 0.6474609375 0.2998046875 0.0390625 0.044921875
0 0.62890625 0.36572265625 0.044921875 0.0439453125
0 0.5771484375 0.38037109375 0.041015625 0.0556640625
1 0.5673828125 0.5244140625 0.025390625 0.03515625
1 0.61083984375 0.60986328125 0.0302734375 0.0419921875
1 0.6533203125 0.7421875 0.02734375 0.05859375
0 0.57373046875 0.88623046875 0.0341796875 0.0439453125
0 0.55078125 0.8740234375 0.03515625 0.05859375
0 0.61279296875 0.9755859375 0.0458984375 0.0390625
0 0.787109375 0.93896484375 0.0390625 0.0537109375
0 0.8603515625 0.91455078125 0.0390625 0.0478515625
0 0.86962890625 0.28564453125 0.0556640625 0.0634765625
0 0.7939453125 0.23583984375 0.033203125 0.0419921875
0 0.6630859375 0.1484375 0.04296875 0.046875
0 0.8193359375 0.04150390625 0.05078125 0.0419921875
0 0.37255859375 0.02783203125 0.0458984375 0.0205078125
0 0.5546875 0.0283203125 0.048828125 0.021484375
0 0.9765625 0.38232421875 0.021484375 0.0361328125
0 0.95947265625 0.3466796875 0.0302734375 0.041015625
0 0.88623046875 0.17724609375 0.0439453125 0.0576171875
0 0.966796875 0.19189453125 0.04296875 0.0595703125
0 0.9501953125 0.06591796875 0.03125 0.0380859375
0 0.9462890625 0.11181640625 0.04296875 0.0419921875
0 0.919921875 0.10595703125 0.021484375 0.0439453125
0 0.02685546875 0.58251953125 0.0244140625 0.0537109375
