1 0.96240234375 0.23779296875 0.0302734375 0.0283203125
1 0.93115234375 0.24365234375 0.0126953125 0.0263671875
1 0.94921875 0.255859375 0.017578125 0.03515625
1 0.978515625 0.2578125 0.017578125 0.03125
1 0.958984375 0.28271484375 0.01171875 0.0263671875
1 0.97021484375 0.28466796875 0.0126953125 0.0205078125
1 0.6767578125 0.3291015625 0.03125 0.0390625
1 0.68798828125 0.3486328125 0.0302734375 0.033203125
1 0.6669921875 0.36181640625 0.03125 0.0244140625
1 0.6318359375 0.32958984375 0.03125 0.0185546875
1 0.61279296875 0.34228515625 0.0166015625 0.0224609375
1 0.64501953125 0.33935546875 0.0263671875 0.0244140625
1 0.63818359375 0.35400390625 0.0283203125 0.0263671875
1 0.615234375 0.3779296875 0.025390625 0.02734375
1 0.64501953125 0.3837890625 0.0166015625 0.033203125
1 0.64208984375 0.39697265625 0.0224609375 0.0341796875
0 0.04736328125 0.79931640625 0.0400390625 0.0322265625
0 0.97509765625 0.904296875 0.0283203125 0.0390625
