1 0.7841796875 0.52880859375 0.015625 0.0185546875
1 0.802734375 0.54345703125 0.025390625 0.0224609375
1 0.787109375 0.5693359375 0.02734375 0.025390625
1 0.77294921875 0.552734375 0.0166015625 0.01953125
1 0.7568359375 0.52392578125 0.01953125 0.0166015625
1 0.751953125 0.54296875 0.021484375 0.025390625
1 0.7431640625 0.55517578125 0.03125 0.0341796875
1 0.73388671875 0.58544921875 0.0263671875 0.0185546875
1 0.7451171875 0.59765625 0.03125 0.029296875
1 0.623046875 0.60693359375 0.025390625 0.0263671875
1 0.6259765625 0.62548828125 0.03125 0.0263671875
1 0.61572265625 0.6455078125 0.0224609375 0.029296875
1 0.59912109375 0.63623046875 0.0283203125 0.0244140625
1 0.90478515625 0.65087890625 0.0205078125 0.0302734375
1 0.87939453125 0.6416015625 0.0244140625 0.017578125
1 0.88232421875 0.65869140625 0.0263671875 0.0244140625
1 0.86328125 0.6611328125 0.013671875 0.025390625
1 0.8642578125 0.673828125 0.015625 0.025390625
1 0.8798828125 0.6845703125 0.0234375 0.0234375
0 0.07373046875 0.46728515625 0.0263671875 0.0283203125
0 0.109375 0.38037109375 0.021484375 0.0224609375
0 0.31201171875 0.619140625 0.0224609375 0.0234375
0 0.2919921875 0.62060546875 0.015625 0.0244140625
0 0.41552734375 0.84326171875 0.0283203125 0.0302734375
0 0.603515625 0.06201171875 0.02734375 0.0263671875
0 0.9775390625 0.17138671875 0.01953125 0.0244140625
0 0.541015625 0.1611328125 0.025390625 0.01953125
