1 0.3583984375 0.10205078125 0.01953125 0.0283203125
1 0.3759765625 0.083984375 0.0234375 0.02734375
1 0.38037109375 0.10107421875 0.0263671875 0.0205078125
1 0.3828125 0.1171875 0.017578125 0.033203125
1 0.4033203125 0.10205078125 0.01953125 0.0263671875
1 0.3916015625 0.12744140625 0.03125 0.0263671875
1 0.02392578125 0.177734375 0.0107421875 0.029296875
1 0.03955078125 0.18994140625 0.0283203125 0.0263671875
1 0.05615234375 0.193359375 0.0244140625 0.025390625
1 0.04931640625 0.2119140625 0.0283203125 0.01953125
1 0.021484375 0.2099609375 0.017578125 0.013671875
1 0.037109375 0.22412109375 0.025390625 0.0244140625
1 0.3544921875 0.08251953125 0.0234375 0.0224609375
0 0.16162109375 0.30908203125 0.0166015625 0.0224609375
0 0.06494140625 0.2685546875 0.0283203125 0.03515625
0 0.18505859375 0.32861328125 0.0322265625 0.0205078125
0 0.19580078125 0.376953125 0.0283203125 0.0234375
0 0.06787109375 0.4833984375 0.0263671875 0.021484375
0 0.0517578125 0.54150390625 0.02734375 0.0263671875
0 0.3408203125 0.34765625 0.02734375 0.02734375
0 0.49951171875 0.255859375 0.0263671875 0.025390625
0 0.9365234375 0.3798828125 0.03125 0.02734375
0 0.78759765625 0.666015625 0.0283203125 0.03125
0 0.8271484375 0.72509765625 0.029296875 0.0244140625
0 0.2119140625 0.7392578125 0.03515625 0.025390625
0 0.09228515625 0.89404296875 0.0283203125 0.0166015625
0 0.07666015625 0.90283203125 0.0244140625 0.0205078125
