1 0.30517578125 0.17919921875 0.0224609375 0.0263671875
1 0.2861328125 0.17041015625 0.01953125 0.0263671875
1 0.2939453125 0.19580078125 0.0234375 0.0283203125
1 0.271484375 0.18310546875 0.01953125 0.0224609375
1 0.25634765625 0.1875 0.0205078125 0.021484375
1 0.25146484375 0.20263671875 0.0263671875 0.0166015625
1 0.27734375 0.21240234375 0.017578125 0.0263671875
1 0.25830078125 0.21630859375 0.0283203125 0.0185546875
1 0.916015625 0.86865234375 0.017578125 0.0263671875
1 0.89501953125 0.86572265625 0.0205078125 0.0205078125
1 0.88232421875 0.861328125 0.0146484375 0.021484375
1 0.8662109375 0.86865234375 0.01953125 0.0263671875
1 0.88134765625 0.8837890625 0.0185546875 0.017578125
1 0.8623046875 0.8935546875 0.01953125 0.025390625
1 0.8974609375 0.90283203125 0.015625 0.0263671875
1 0.875 0.90966796875 0.021484375 0.0224609375
1 0.8701171875 0.89990234375 0.015625 0.0263671875
0 0.130859375 0.02392578125 0.0234375 0.0107421875
0 0.03955078125 0.02197265625 0.0244140625 0.0087890625
0 0.06103515625 0.36572265625 0.0205078125 0.0322265625
0 0.2333984375 0.3447265625 0.0234375 0.02734375
0 0.11669921875 0.53369140625 0.0244140625 0.0263671875
0 0.029296875 0.91796875 0.0234375 0.03125
0 0.2099609375 0.85498046875 0.02734375 0.0283203125
0 0.353515625 0.798828125 0.029296875 0.03125
0 0.39453125 0.66796875 0.021484375 0.0234375
0 0.4580078125 0.52783203125 0.02734375 0.0361328125
0 0.474609375 0.181640625 0.021484375 0.021484375
0 0.37109375 0.2490234375 0.025390625 0.029296875
0 0.38671875 0.3056640625 0.025390625 0.033203125
0 0.640625 0.1513671875 0.025390625 0.0234375
0 0.748046875 0.19287109375 0.021484375 0.0185546875
0 0.4140625 0.986328125 0.021484375 0.015625
0 0.5400390625 0.84765625 0.03515625 0.033203125
0 0.595703125 0.98583984375 0.021484375 0.0166015625
0 0.79931640625 0.90771484375 0.0205078125 0.0244140625
0 0.8857421875 0.68701171875 0.0234375 0.0283203125
0 0.9189453125 0.7490234375 0.021484375 0.03515625
0 0.95068359375 0.5732421875 0.0302734375 0.03515625
