1 0.6494140625 0.09033203125 0.0390625 0.0380859375
1 0.603515625 0.10205078125 0.033203125 0.0263671875
1 0.615234375 0.1142578125 0.0390625 0.029296875
1 0.5810546875 0.14013671875 0.03515625 0.0361328125
1 0.6044921875 0.13623046875 0.0234375 0.0283203125
1 0.6181640625 0.15478515625 0.02734375 0.0244140625
1 0.6416015625 0.15478515625 0.033203125 0.0361328125
1 0.6708984375 0.14013671875 0.0390625 0.0400390625
0 0.904296875 0.27734375 0.033203125 0.041015625
0 0.79931640625 0.2685546875 0.0322265625 0.01953125
0 0.845703125 0.2958984375 0.025390625 0.044921875
0 0.818359375 0.33447265625 0.029296875 0.0439453125
0 0.8115234375 0.41845703125 0.02734375 0.0263671875
0 0.8017578125 0.392578125 0.015625 0.025390625
0 0.76806640625 0.453125 0.0419921875 0.033203125
0 0.83251953125 0.47021484375 0.0185546875 0.0341796875
0 0.671875 0.2041015625 0.029296875 0.029296875
0 0.7109375 0.1826171875 0.037109375 0.0234375
0 0.74365234375 0.21484375 0.0224609375 0.0390625
0 0.77880859375 0.1923828125 0.0244140625 0.03515625
0 0.78857421875 0.1396484375 0.0322265625 0.03515625
0 0.81591796875 0.1103515625 0.0224609375 0.02734375
0 0.86376953125 0.08544921875 0.0302734375 0.0205078125
0 0.92333984375 0.04052734375 0.0400390625 0.0439453125
0 0.970703125 0.26953125 0.02734375 0.02734375
0 0.978515625 0.3876953125 0.017578125 0.02734375
0 0.9033203125 0.36572265625 0.015625 0.0283203125
0 0.9140625 0.4052734375 0.021484375 0.03515625
0 0.8798828125 0.5615234375 0.03125 0.029296875
0 0.87744140625 0.6357421875 0.0322265625 0.041015625
0 0.875 0.60400390625 0.01953125 0.0263671875
0 0.83056640625 0.60205078125 0.0224609375 0.0322265625
0 0.81884765625 0.6328125 0.0283203125 0.03515625
0 0.78955078125 0.59375 0.0205078125 0.02734375
0 0.75 0.52880859375 0.03125 0.0419921875
0 0.6845703125 0.50927734375 0.0390625 0.0419921875
0 0.67578125 0.36376953125 0.029296875 0.0400390625
0 0.599609375 0.27197265625 0.025390625 0.0478515625
0 0.61279296875 0.365234375 0.0439453125 0.044921875
0 0.3935546875 0.23876953125 0.03515625 0.0439453125
0 0.3984375 0.0888671875 0.0234375 0.03515625
0 0.4189453125 0.076171875 0.03125 0.046875
0 0.2734375 0.2314453125 0.017578125 0.0234375
0 0.24951171875 0.25048828125 0.0322265625 0.0458984375
0 0.36279296875 0.3447265625 0.0224609375 0.02734375
0 0.3154296875 0.28564453125 0.01953125 0.0244140625
0 0.29638671875 0.29296875 0.0224609375 0.025390625
0 0.34765625 0.14990234375 0.021484375 0.0283203125
0 0.5107421875 0.43359375 0.041015625 0.05078125
0 0.5634765625 0.4208984375 0.03125 0.0390625
0 0.5888671875 0.498046875 0.03515625 0.037109375
0 0.5 0.49951171875 0.033203125 0.0556640625
0 0.609375 0.5693359375 0.025390625 0.03125
0 0.5947265625 0.62451171875 0.03125 0.0537109375
0 0.66455078125 0.6240234375 0.0458984375 0.029296875
0 0.64990234375 0.654296875 0.0380859375 0.03125
0 0.51806640625 0.6220703125 0.0322265625 0.04296875
0 0.732421875 0.83349609375 0.029296875 0.0361328125
0 0.70556640625 0.861328125 0.0361328125 0.041015625
0 0.9619140625 0.7138671875 0.04296875 0.033203125
0 0.54150390625 0.83984375 0.0341796875 0.0390625
0 0.48046875 0.85888671875 0.044921875 0.0341796875
0 0.46875 0.8916015625 0.052734375 0.021484375
0 0.47900390625 0.72998046875 0.0205078125 0.0224609375
0 0.47265625 0.66943359375 0.029296875 0.0205078125
0 0.43603515625 0.70458984375 0.0380859375 0.0283203125
0 0.44189453125 0.77197265625 0.0400390625 0.0263671875
0 0.38623046875 0.84521484375 0.0400390625 0.0439453125
0 0.3583984375 0.6767578125 0.0390625 0.029296875
0 0.3642578125 0.4208984375 0.01953125 0.021484375
0 0.376953125 0.4619140625 0.033203125 0.05078125
0 0.30322265625 0.5791015625 0.0400390625 0.0390625
0 0.3271484375 0.6083984375 0.02734375 0.033203125
0 0.33056640625 0.751953125 0.0322265625 0.029296875
0 0.09375 0.26806640625 0.033203125 0.0341796875
0 0.11962890625 0.33154296875 0.0341796875 0.0439453125
0 0.06640625 0.3896484375 0.037109375 0.041015625
0 0.02880859375 0.06787109375 0.0224609375 0.0458984375
0 0.26416015625 0.11474609375 0.0263671875 0.0263671875
0 0.03955078125 0.60888671875 0.0380859375 0.0439453125
0 0.21240234375 0.5478515625 0.0302734375 0.03515625
0 0.15869140625 0.685546875 0.0302734375 0.017578125
0 0.037109375 0.77783203125 0.037109375 0.0419921875
0 0.0712890625 0.77880859375 0.037109375 0.0361328125
0 0.15576171875 0.73291015625 0.0263671875 0.0224609375
0 0.21240234375 0.76513671875 0.0322265625 0.0205078125
0 0.22802734375 0.78466796875 0.0322265625 0.0185546875
0 0.25390625 0.833984375 0.0390625 0.03125
0 0.27099609375 0.91455078125 0.0283203125 0.0498046875
0 0.310546875 0.970703125 0.029296875 0.03125
0 0.30224609375 0.87646484375 0.0224609375 0.0341796875
0 0.66796875 0.734375 0.033203125 0.0390625
0 0.8017578125 0.78076171875 0.0234375 0.0341796875
0 0.3701171875 0.17724609375 0.0390625 0.0361328125
