1 0.93212890625 0.7939453125 0.0146484375 0.025390625
1 0.95263671875 0.7998046875 0.0205078125 0.0234375
1 0.92431640625 0.8056640625 0.0146484375 0.02734375
1 0.912109375 0.8193359375 0.013671875 0.029296875
1 0.92822265625 0.8271484375 0.0205078125 0.025390625
1 0.95361328125 0.82421875 0.0244140625 0.02734375
1 0.95166015625 0.83544921875 0.0146484375 0.0322265625
1 0.9697265625 0.845703125 0.015625 0.015625
1 0.95458984375 0.84765625 0.0205078125 0.029296875
1 0.546875 0.41845703125 0.0234375 0.0244140625
1 0.544921875 0.39013671875 0.021484375 0.0458984375
1 0.53076171875 0.3857421875 0.0224609375 0.015625
1 0.51708984375 0.37939453125 0.0205078125 0.0263671875
1 0.49462890625 0.38427734375 0.0205078125 0.0166015625
1 0.48779296875 0.40185546875 0.0185546875 0.0224609375
1 0.49658203125 0.412109375 0.0146484375 0.021484375
1 0.51025390625 0.3984375 0.0224609375 0.01953125
1 0.52490234375 0.40869140625 0.0244140625 0.0166015625
1 0.5126953125 0.42236328125 0.017578125 0.0263671875
1 0.666015625 0.88525390625 0.021484375 0.0166015625
1 0.59619140625 0.85302734375 0.0107421875 0.0302734375
1 0.6103515625 0.86572265625 0.01953125 0.0205078125
1 0.6328125 0.86962890625 0.0234375 0.0224609375
1 0.650390625 0.88427734375 0.021484375 0.0166015625
1 0.6083984375 0.88525390625 0.01953125 0.0185546875
1 0.59326171875 0.88916015625 0.0126953125 0.0263671875
1 0.64306640625 0.90771484375 0.0146484375 0.0185546875
1 0.62890625 0.8916015625 0.013671875 0.013671875
1 0.6171875 0.91357421875 0.021484375 0.0205078125
1 0.6337890625 0.91943359375 0.02734375 0.0205078125
0 0.97900390625 0.09814453125 0.0244140625 0.0302734375
0 0.8388671875 0.0703125 0.01953125 0.025390625
0 0.8232421875 0.07373046875 0.017578125 0.0185546875
0 0.9072265625 0.513671875 0.02734375 0.029296875
0 0.763671875 0.29150390625 0.021484375 0.0283203125
0 0.69091796875 0.1103515625 0.0146484375 0.01953125
0 0.6474609375 0.10888671875 0.01953125 0.0185546875
0 0.681640625 0.1396484375 0.025390625 0.029296875
0 0.6484375 0.15283203125 0.015625 0.0224609375
0 0.6572265625 0.17626953125 0.01953125 0.0263671875
0 0.66259765625 0.22509765625 0.0205078125 0.0244140625
0 0.75537109375 0.341796875 0.0205078125 0.021484375
0 0.74658203125 0.4052734375 0.0263671875 0.04296875
0 0.69970703125 0.51806640625 0.0205078125 0.0283203125
0 0.6787109375 0.70849609375 0.0234375 0.0361328125
0 0.81005859375 0.76806640625 0.0166015625 0.0205078125
0 0.69140625 0.83056640625 0.025390625 0.0302734375
0 0.7177734375 0.8408203125 0.015625 0.025390625
0 0.76220703125 0.8857421875 0.0166015625 0.025390625
0 0.84375 0.896484375 0.017578125 0.029296875
0 0.6572265625 0.978515625 0.0234375 0.017578125
0 0.5361328125 0.9521484375 0.0234375 0.02734375
0 0.43505859375 0.82470703125 0.0263671875 0.0263671875
0 0.32177734375 0.95751953125 0.0185546875 0.0205078125
0 0.37255859375 0.39599609375 0.0244140625 0.0341796875
0 0.47314453125 0.45947265625 0.0244140625 0.0263671875
0 0.49072265625 0.3056640625 0.0185546875 0.029296875
0 0.47509765625 0.30615234375 0.0126953125 0.0205078125
0 0.49462890625 0.21484375 0.0205078125 0.025390625
0 0.25537109375 0.2314453125 0.0302734375 0.021484375
0 0.31689453125 0.521484375 0.0244140625 0.0234375
0 0.2216796875 0.48974609375 0.0234375 0.0224609375
0 0.232421875 0.5869140625 0.025390625 0.03515625
0 0.25927734375 0.59716796875 0.0185546875 0.0244140625
0 0.1259765625 0.57177734375 0.01953125 0.0224609375
0 0.15185546875 0.0869140625 0.0166015625 0.02734375
0 0.09619140625 0.14599609375 0.0166015625 0.0244140625
0 0.10791015625 0.1611328125 0.0185546875 0.029296875
0 0.0458984375 0.2509765625 0.01953125 0.01953125
0 0.04833984375 0.3515625 0.0166015625 0.021484375
0 0.04541015625 0.3681640625 0.0185546875 0.0234375
0 0.0791015625 0.380859375 0.0234375 0.0234375
