1 0.419921875 0.14501953125 0.025390625 0.0361328125
1 0.40283203125 0.15087890625 0.0263671875 0.0263671875
1 0.4326171875 0.185546875 0.015625 0.03515625
1 0.41357421875 0.18017578125 0.0263671875 0.0283203125
1 0.39306640625 0.17333984375 0.0283203125 0.0224609375
1 0.3759765625 0.17822265625 0.01953125 0.0244140625
1 0.37890625 0.2099609375 0.025390625 0.0390625
1 0.3759765625 0.2001953125 0.009765625 0.041015625
1 0.17578125 0.5361328125 0.021484375 0.0390625
1 0.15869140625 0.55859375 0.0185546875 0.03125
1 0.154296875 0.5400390625 0.01953125 0.037109375
1 0.1279296875 0.51416015625 0.02734375 0.0224609375
1 0.162109375 0.06640625 0.015625 0.033203125
1 0.14794921875 0.0595703125 0.0224609375 0.03125
1 0.1064453125 0.06689453125 0.0234375 0.0263671875
1 0.53662109375 0.90234375 0.0244140625 0.02734375
1 0.53564453125 0.8779296875 0.0302734375 0.017578125
1 0.5166015625 0.896484375 0.01953125 0.025390625
1 0.5078125 0.8671875 0.021484375 0.01953125
1 0.498046875 0.8857421875 0.017578125 0.01953125
1 0.48876953125 0.87646484375 0.0185546875 0.0244140625
1 0.49462890625 0.89892578125 0.0244140625 0.0244140625
1 0.47607421875 0.8857421875 0.0146484375 0.017578125
1 0.478515625 0.90576171875 0.01953125 0.0322265625
1 0.138671875 0.5390625 0.01953125 0.03125
1 0.12060546875 0.537109375 0.0224609375 0.02734375
0 0.56201171875 0.30810546875 0.0205078125 0.0205078125
0 0.80078125 0.36474609375 0.0234375 0.0224609375
0 0.4267578125 0.912109375 0.02734375 0.01953125
