1 0.8818359375 0.56201171875 0.02734375 0.0205078125
1 0.87255859375 0.53857421875 0.0361328125 0.0224609375
1 0.85791015625 0.546875 0.0263671875 0.02734375
0 0.083984375 0.12353515625 0.021484375 0.0283203125
0 0.06640625 0.123046875 0.013671875 0.025390625
0 0.34228515625 0.03662109375 0.0283203125 0.0263671875
0 0.34716796875 0.28076171875 0.0283203125 0.0341796875
0 0.296875 0.3056640625 0.03125 0.021484375
0 0.27783203125 0.32080078125 0.0283203125 0.0166015625
0 0.203125 0.37744140625 0.029296875 0.0302734375
0 0.185546875 0.384765625 0.017578125 0.021484375
0 0.15380859375 0.4912109375 0.0302734375 0.021484375
0 0.14794921875 0.50732421875 0.0341796875 0.0224609375
0 0.09130859375 0.65234375 0.0302734375 0.033203125
0 0.9052734375 0.2138671875 0.02734375 0.0234375
0 0.69873046875 0.4326171875 0.0302734375 0.03125
0 0.40283203125 0.52001953125 0.0322265625 0.0361328125
0 0.29736328125 0.55078125 0.0283203125 0.029296875
0 0.142578125 0.94873046875 0.0234375 0.0263671875
0 0.1318359375 0.96044921875 0.01953125 0.0185546875
0 0.66259765625 0.638671875 0.0244140625 0.015625
0 0.6025390625 0.7236328125 0.03125 0.025390625
0 0.67626953125 0.7998046875 0.0283203125 0.033203125
0 0.740234375 0.7880859375 0.029296875 0.02734375
0 0.83935546875 0.90771484375 0.0244140625 0.0341796875
