1 0.16015625 0.65966796875 0.0234375 0.0185546875
1 0.19580078125 0.6728515625 0.0263671875 0.025390625
1 0.1748046875 0.66650390625 0.021484375 0.0224609375
1 0.1767578125 0.6875 0.01953125 0.01953125
1 0.193359375 0.6953125 0.013671875 0.03125
1 0.13671875 0.68408203125 0.01953125 0.0263671875
1 0.1513671875 0.68408203125 0.021484375 0.0263671875
1 0.17626953125 0.7255859375 0.0205078125 0.0234375
1 0.16552734375 0.72216796875 0.0166015625 0.0283203125
1 0.15185546875 0.72265625 0.0205078125 0.03515625
1 0.1513671875 0.70654296875 0.015625 0.0419921875
1 0.14013671875 0.7080078125 0.0185546875 0.03125
0 0.20751953125 0.03173828125 0.0166015625 0.0263671875
0 0.49462890625 0.103515625 0.0263671875 0.0234375
0 0.48486328125 0.11865234375 0.0146484375 0.0244140625
0 0.4306640625 0.09130859375 0.01953125 0.0263671875
0 0.5498046875 0.169921875 0.041015625 0.041015625
0 0.7314453125 0.283203125 0.03515625 0.03125
0 0.9755859375 0.3955078125 0.0234375 0.02734375
0 0.81982421875 0.47119140625 0.0263671875 0.0205078125
0 0.7392578125 0.47314453125 0.02734375 0.0302734375
0 0.58984375 0.4189453125 0.03125 0.01953125
0 0.6689453125 0.50048828125 0.029296875 0.0322265625
0 0.61669921875 0.52978515625 0.0400390625 0.0302734375
0 0.5771484375 0.6064453125 0.03125 0.041015625
0 0.76220703125 0.8427734375 0.0283203125 0.021484375
0 0.669921875 0.74365234375 0.037109375 0.0224609375
0 0.6640625 0.818359375 0.02734375 0.02734375
0 0.42529296875 0.21240234375 0.0185546875 0.0166015625
0 0.439453125 0.28515625 0.017578125 0.021484375
0 0.36962890625 0.23583984375 0.0341796875 0.0380859375
0 0.41357421875 0.28955078125 0.0283203125 0.0263671875
0 0.31982421875 0.5576171875 0.0302734375 0.0234375
0 0.125 0.34521484375 0.029296875 0.0224609375
0 0.0595703125 0.5859375 0.0234375 0.02734375
0 0.08447265625 0.5947265625 0.0263671875 0.01953125
