1 0.54833984375 0.533203125 0.0283203125 0.037109375
1 0.53564453125 0.505859375 0.0322265625 0.03125
1 0.52392578125 0.52001953125 0.0302734375 0.0341796875
1 0.58251953125 0.2490234375 0.0205078125 0.029296875
1 0.59814453125 0.263671875 0.0244140625 0.033203125
1 0.6201171875 0.26513671875 0.015625 0.0224609375
1 0.623046875 0.27978515625 0.029296875 0.0458984375
1 0.55517578125 0.2529296875 0.0263671875 0.033203125
1 0.5537109375 0.2763671875 0.0234375 0.0390625
1 0.57958984375 0.2685546875 0.0263671875 0.029296875
1 0.57763671875 0.283203125 0.0126953125 0.03125
1 0.60546875 0.296875 0.044921875 0.033203125
1 0.57666015625 0.30712890625 0.0302734375 0.0302734375
0 0.05908203125 0.025390625 0.0341796875 0.017578125
0 0.56640625 0.14990234375 0.021484375 0.0185546875
0 0.58251953125 0.15625 0.0263671875 0.033203125
0 0.94140625 0.18408203125 0.037109375 0.0302734375
0 0.982421875 0.94287109375 0.017578125 0.0380859375
0 0.8271484375 0.9462890625 0.029296875 0.02734375
0 0.71142578125 0.62939453125 0.0302734375 0.0283203125
0 0.61376953125 0.35791015625 0.0224609375 0.0302734375
0 0.63330078125 0.40966796875 0.0263671875 0.0283203125
0 0.61328125 0.41015625 0.017578125 0.02734375
0 0.42236328125 0.55810546875 0.0263671875 0.0224609375
0 0.48095703125 0.75537109375 0.0341796875 0.0302734375
0 0.22998046875 0.40087890625 0.0283203125 0.0205078125
0 0.1552734375 0.455078125 0.03125 0.0234375
0 0.2880859375 0.48291015625 0.03125 0.0224609375
0 0.24658203125 0.53466796875 0.0302734375 0.0263671875
0 0.142578125 0.84326171875 0.033203125 0.0224609375
0 0.14697265625 0.87939453125 0.0341796875 0.0224609375
