0 0.29541015625 0.13232421875 0.0849609375 0.0771484375
0 0.24951171875 0.09716796875 0.0673828125 0.0712890625
0 0.80908203125 0.0634765625 0.0576171875 0.046875
0 0.9072265625 0.16552734375 0.08203125 0.0673828125
0 0.88818359375 0.232421875 0.0634765625 0.0546875
0 0.78369140625 0.18505859375 0.0693359375 0.0673828125
0 0.77001953125 0.13232421875 0.0439453125 0.0322265625
0 0.927734375 0.3671875 0.056640625 0.05859375
0 0.97021484375 0.59716796875 0.0576171875 0.0810546875
0 0.8681640625 0.62255859375 0.05078125 0.0458984375
0 0.80810546875 0.81494140625 0.0517578125 0.0419921875
0 0.79638671875 0.8740234375 0.0439453125 0.078125
0 0.6015625 0.80078125 0.056640625 0.0703125
0 0.69384765625 0.5537109375 0.0576171875 0.064453125
0 0.59228515625 0.5859375 0.0634765625 0.048828125
0 0.5546875 0.6357421875 0.064453125 0.0703125
0 0.64599609375 0.15576171875 0.0654296875 0.0732421875
0 0.5576171875 0.24755859375 0.048828125 0.0458984375
0 0.4775390625 0.18115234375 0.03125 0.0654296875
0 0.49560546875 0.29296875 0.0712890625 0.072265625
0 0.49267578125 0.4228515625 0.0654296875 0.07421875
0 0.57763671875 0.3515625 0.0634765625 0.04296875
0 0.35498046875 0.25341796875 0.0693359375 0.0537109375
0 0.43115234375 0.212890625 0.0458984375 0.02734375
0 0.29248046875 0.39892578125 0.0791015625 0.0458984375
0 0.39306640625 0.55615234375 0.0791015625 0.0810546875
0 0.087890625 0.19140625 0.0625 0.076171875
0 0.064453125 0.04052734375 0.044921875 0.0654296875
0 0.09228515625 0.0185546875 0.0537109375 0.033203125
0 0.02392578125 0.19873046875 0.0263671875 0.0888671875
0 0.10888671875 0.44677734375 0.0615234375 0.0810546875
0 0.15869140625 0.53271484375 0.0673828125 0.0751953125
0 0.185546875 0.689453125 0.064453125 0.064453125
0 0.27001953125 0.78369140625 0.0693359375 0.0751953125
0 0.04248046875 0.98388671875 0.0615234375 0.0283203125
0 0.32275390625 0.9404296875 0.0693359375 0.033203125
0 0.32373046875 0.97265625 0.0927734375 0.04296875
0 0.19482421875 0.8818359375 0.0673828125 0.03515625
0 0.2236328125 0.92578125 0.048828125 0.0390625
0 0.052734375 0.90087890625 0.044921875 0.0517578125
0 0.24755859375 0.62255859375 0.0439453125 0.0517578125
0 0.3896484375 0.916015625 0.046875 0.044921875
0 0.85107421875 0.73828125 0.0283203125 0.0546875
