0 0.32568359375 0.1611328125 0.0556640625 0.041015625
0 0.353515625 0.35302734375 0.033203125 0.0400390625
0 0.38330078125 0.333984375 0.0498046875 0.056640625
0 0.46630859375 0.3037109375 0.0517578125 0.041015625
0 0.58056640625 0.25341796875 0.0517578125 0.0458984375
0 0.7177734375 0.2431640625 0.037109375 0.037109375
0 0.982421875 0.12451171875 0.033203125 0.0498046875
0 0.45947265625 0.7197265625 0.0556640625 0.041015625
0 0.2998046875 0.4833984375 0.052734375 0.04296875
0 0.44921875 0.85546875 0.04296875 0.041015625
0 0.61669921875 0.88916015625 0.0419921875 0.0537109375
