1 0.3505859375 0.27099609375 0.046875 0.0634765625
1 0.359375 0.30810546875 0.046875 0.0634765625
1 0.302734375 0.27001953125 0.029296875 0.0380859375
1 0.31787109375 0.30078125 0.0361328125 0.041015625
1 0.33544921875 0.34033203125 0.0400390625 0.0302734375
1 0.279296875 0.2998046875 0.052734375 0.037109375
1 0.294921875 0.34375 0.052734375 0.052734375
1 0.6103515625 0.04052734375 0.056640625 0.0537109375
1 0.66259765625 0.10693359375 0.0849609375 0.0654296875
1 0.564453125 0.09033203125 0.046875 0.0419921875
1 0.55517578125 0.12255859375 0.0361328125 0.0458984375
1 0.611328125 0.12744140625 0.060546875 0.0712890625
1 0.572265625 0.14599609375 0.037109375 0.0341796875
1 0.6220703125 0.16943359375 0.03515625 0.0419921875
1 0.673828125 0.1669921875 0.048828125 0.052734375
1 0.66748046875 0.18798828125 0.0244140625 0.0615234375
1 0.587890625 0.18701171875 0.046875 0.0673828125
1 0.59716796875 0.21533203125 0.0537109375 0.0517578125
1 0.3310546875 0.244140625 0.048828125 0.0546875
1 0.9169921875 0.42431640625 0.0390625 0.0498046875
1 0.90087890625 0.42724609375 0.0322265625 0.0537109375
1 0.90771484375 0.48583984375 0.0478515625 0.0478515625
1 0.9140625 0.5810546875 0.072265625 0.05078125
1 0.87158203125 0.53857421875 0.0400390625 0.0400390625
1 0.8212890625 0.55029296875 0.0390625 0.0458984375
1 0.810546875 0.48046875 0.025390625 0.046875
1 0.82080078125 0.44140625 0.0478515625 0.03515625
1 0.85693359375 0.4794921875 0.0478515625 0.072265625
1 0.751953125 0.388671875 0.0546875 0.0703125
1 0.712890625 0.36669921875 0.048828125 0.0537109375
1 0.69677734375 0.388671875 0.0537109375 0.044921875
1 0.7275390625 0.4384765625 0.05078125 0.06640625
1 0.63134765625 0.4150390625 0.0517578125 0.056640625
1 0.6455078125 0.4375 0.044921875 0.048828125
1 0.6806640625 0.42724609375 0.041015625 0.0380859375
1 0.68310546875 0.47509765625 0.0517578125 0.0537109375
1 0.67529296875 0.67578125 0.0498046875 0.056640625
1 0.70458984375 0.71435546875 0.0439453125 0.0458984375
1 0.66748046875 0.7392578125 0.0556640625 0.052734375
1 0.7041015625 0.75341796875 0.0546875 0.0693359375
0 0.08056640625 0.1123046875 0.0458984375 0.0546875
0 0.06591796875 0.14453125 0.0498046875 0.03125
0 0.11572265625 0.1630859375 0.0556640625 0.046875
0 0.361328125 0.04638671875 0.052734375 0.0595703125
0 0.53662109375 0.283203125 0.0556640625 0.056640625
0 0.75244140625 0.14306640625 0.0419921875 0.0498046875
0 0.740234375 0.17822265625 0.048828125 0.0595703125
0 0.84521484375 0.14404296875 0.0439453125 0.0576171875
0 0.853515625 0.29150390625 0.04296875 0.0615234375
0 0.78662109375 0.27783203125 0.0537109375 0.0693359375
0 0.93359375 0.74609375 0.056640625 0.06640625
0 0.75439453125 0.6484375 0.0458984375 0.056640625
0 0.78857421875 0.70458984375 0.0458984375 0.0595703125
0 0.79443359375 0.765625 0.0458984375 0.0625
0 0.58203125 0.677734375 0.052734375 0.0546875
0 0.4453125 0.62109375 0.05859375 0.0625
0 0.5400390625 0.8740234375 0.05078125 0.07421875
0 0.3759765625 0.6865234375 0.05859375 0.060546875
0 0.23779296875 0.3935546875 0.0615234375 0.056640625
0 0.1201171875 0.3828125 0.046875 0.052734375
0 0.15771484375 0.54736328125 0.0654296875 0.0693359375
0 0.1943359375 0.619140625 0.05078125 0.068359375
0 0.10791015625 0.71337890625 0.0693359375 0.0634765625
0 0.22802734375 0.7177734375 0.0439453125 0.0546875
0 0.17724609375 0.77587890625 0.0537109375 0.0595703125
0 0.1923828125 0.89404296875 0.05859375 0.0615234375
0 0.4921875 0.97900390625 0.060546875 0.0224609375
0 0.01904296875 0.9482421875 0.0126953125 0.056640625
