0 0.3193359375 0.34228515625 0.021484375 0.0224609375
0 0.35107421875 0.35107421875 0.0322265625 0.0322265625
0 0.47802734375 0.0234375 0.0263671875 0.013671875
0 0.83447265625 0.193359375 0.0361328125 0.033203125
0 0.84716796875 0.39404296875 0.0400390625 0.0283203125
0 0.7744140625 0.298828125 0.017578125 0.017578125
0 0.5498046875 0.26806640625 0.03125 0.0361328125
0 0.591796875 0.39599609375 0.029296875 0.0341796875
0 0.623046875 0.42822265625 0.025390625 0.0263671875
0 0.484375 0.45361328125 0.029296875 0.0244140625
0 0.380859375 0.49755859375 0.021484375 0.0185546875
0 0.35888671875 0.49267578125 0.0283203125 0.0341796875
0 0.21923828125 0.78271484375 0.0322265625 0.0263671875
0 0.24609375 0.84375 0.033203125 0.029296875
0 0.7646484375 0.7265625 0.03515625 0.02734375
0 0.58642578125 0.82568359375 0.0322265625 0.0244140625
0 0.4814453125 0.8955078125 0.03515625 0.021484375
0 0.56005859375 0.9462890625 0.0302734375 0.021484375
0 0.7294921875 0.86083984375 0.03515625 0.0283203125
0 0.7236328125 0.96728515625 0.02734375 0.0283203125
0 0.70068359375 0.97607421875 0.0283203125 0.0302734375
0 0.95654296875 0.95654296875 0.0341796875 0.0283203125
