1 0.4921875 0.69384765625 0.009765625 0.0341796875
1 0.48388671875 0.65869140625 0.0166015625 0.0302734375
1 0.470703125 0.642578125 0.021484375 0.01953125
1 0.46435546875 0.658203125 0.0224609375 0.0234375
1 0.4453125 0.66455078125 0.02734375 0.0263671875
1 0.44140625 0.68310546875 0.017578125 0.0419921875
1 0.470703125 0.689453125 0.025390625 0.025390625
1 0.46484375 0.71142578125 0.025390625 0.0302734375
1 0.5556640625 0.87744140625 0.01953125 0.0224609375
1 0.54296875 0.8876953125 0.01953125 0.0234375
1 0.57568359375 0.8828125 0.0126953125 0.01953125
1 0.544921875 0.90283203125 0.029296875 0.0205078125
1 0.54833984375 0.91845703125 0.0107421875 0.0283203125
1 0.5673828125 0.90283203125 0.017578125 0.0263671875
1 0.5849609375 0.8984375 0.01953125 0.02734375
1 0.29345703125 0.23974609375 0.0166015625 0.0302734375
1 0.2978515625 0.2548828125 0.021484375 0.02734375
1 0.34375 0.30712890625 0.025390625 0.0263671875
1 0.341796875 0.27099609375 0.025390625 0.0302734375
1 0.32177734375 0.25244140625 0.0224609375 0.0263671875
1 0.291015625 0.2783203125 0.025390625 0.025390625
1 0.3076171875 0.27197265625 0.01953125 0.0224609375
1 0.32421875 0.2890625 0.021484375 0.021484375
1 0.3017578125 0.2978515625 0.0234375 0.021484375
1 0.31982421875 0.31396484375 0.0302734375 0.0263671875
1 0.4990234375 0.70703125 0.015625 0.037109375
0 0.623046875 0.1962890625 0.033203125 0.033203125
0 0.42529296875 0.20458984375 0.0302734375 0.0224609375
0 0.4462890625 0.33056640625 0.0234375 0.0283203125
0 0.32861328125 0.4189453125 0.0361328125 0.02734375
0 0.23583984375 0.47119140625 0.0361328125 0.0263671875
0 0.458984375 0.5234375 0.021484375 0.025390625
0 0.43798828125 0.5244140625 0.0146484375 0.015625
0 0.44921875 0.5458984375 0.025390625 0.01953125
0 0.6796875 0.2900390625 0.02734375 0.025390625
0 0.7265625 0.296875 0.029296875 0.03125
0 0.955078125 0.28125 0.025390625 0.03515625
0 0.89599609375 0.32275390625 0.0302734375 0.0302734375
0 0.89892578125 0.439453125 0.0244140625 0.02734375
0 0.2900390625 0.64111328125 0.01953125 0.0244140625
0 0.28662109375 0.80078125 0.0341796875 0.02734375
0 0.3251953125 0.81103515625 0.0234375 0.0185546875
0 0.32080078125 0.82470703125 0.0205078125 0.0126953125
0 0.3603515625 0.81494140625 0.015625 0.0068359375
