1 0.69921875 0.1220703125 0.0234375 0.021484375
1 0.7177734375 0.1396484375 0.01953125 0.021484375
1 0.72216796875 0.1591796875 0.0244140625 0.02734375
1 0.69921875 0.1416015625 0.021484375 0.017578125
1 0.6787109375 0.14404296875 0.0234375 0.0263671875
1 0.6787109375 0.16162109375 0.02734375 0.0146484375
0 0.4794921875 0.04833984375 0.025390625 0.0322265625
0 0.5439453125 0.16796875 0.0234375 0.02734375
0 0.42626953125 0.27099609375 0.0283203125 0.0322265625
0 0.08544921875 0.1201171875 0.0224609375 0.03515625
0 0.17919921875 0.3681640625 0.0361328125 0.0390625
0 0.26025390625 0.3857421875 0.0244140625 0.03125
0 0.2666015625 0.45654296875 0.02734375 0.0302734375
0 0.17822265625 0.498046875 0.0224609375 0.017578125
0 0.1962890625 0.5224609375 0.0234375 0.0234375
0 0.1884765625 0.56787109375 0.01953125 0.0283203125
0 0.0263671875 0.71630859375 0.017578125 0.0322265625
0 0.03271484375 0.7919921875 0.0244140625 0.02734375
0 0.365234375 0.630859375 0.029296875 0.025390625
0 0.30810546875 0.76416015625 0.0322265625 0.0224609375
0 0.490234375 0.56640625 0.017578125 0.0234375
0 0.4619140625 0.62109375 0.02734375 0.01953125
0 0.42431640625 0.74560546875 0.0185546875 0.0302734375
0 0.6171875 0.646484375 0.025390625 0.025390625
0 0.54296875 0.73291015625 0.021484375 0.0224609375
0 0.61962890625 0.86328125 0.0224609375 0.025390625
0 0.7001953125 0.833984375 0.021484375 0.029296875
0 0.72216796875 0.83203125 0.0146484375 0.033203125
0 0.80810546875 0.79296875 0.0244140625 0.033203125
0 0.90625 0.45751953125 0.021484375 0.0263671875
0 0.876953125 0.65576171875 0.02734375 0.0341796875
0 0.875 0.26953125 0.01953125 0.017578125
0 0.982421875 0.8203125 0.013671875 0.021484375
0 0.9150390625 0.95458984375 0.03125 0.0380859375
