0 0.328936 0.709650 0.046280 0.059778
0 0.161116 0.953886 0.048010 0.054654
0 0.767950 0.823228 0.041090 0.061486
0 0.813798 0.072161 0.035900 0.060632
0 0.421280 0.172075 0.044983 0.067464
0 0.506704 0.426985 0.035900 0.059778
0 0.339100 0.496157 0.022491 0.052946
0 0.357266 0.491033 0.037197 0.046114
0 0.383002 0.884714 0.048010 0.049530
0 0.383867 0.746798 0.048875 0.053800
0 0.263408 0.759607 0.050173 0.070880
0 0.628676 0.811699 0.040225 0.062340
0 0.692042 0.466268 0.049308 0.056362
0 0.758002 0.654569 0.043685 0.062340
0 0.959126 0.456447 0.033304 0.058924
0 0.823313 0.789923 0.053201 0.051238
0 0.455450 0.894962 0.038927 0.066610
0 0.203720 0.479505 0.047578 0.048676
0 0.281358 0.641759 0.044550 0.052092
0 0.368080 0.786080 0.049308 0.038429
0 0.903330 0.375747 0.030709 0.039283
0 0.880407 0.400512 0.029844 0.049530
0 0.907223 0.593937 0.028979 0.043553
0 0.930363 0.816823 0.020761 0.048676
0 0.964100 0.906490 0.039792 0.048676
0 0.934905 0.922289 0.045415 0.042699
0 0.826125 0.926985 0.036332 0.036721
0 0.673659 0.821093 0.039360 0.045260
0 0.762111 0.772417 0.040657 0.036721
0 0.553417 0.707088 0.022924 0.040991
0 0.435337 0.607600 0.032439 0.024765
0 0.484645 0.619983 0.036765 0.040991
0 0.589100 0.612724 0.026817 0.050384
0 0.658737 0.610162 0.060554 0.038429
0 0.744810 0.571734 0.027682 0.038429
0 0.217128 0.528608 0.044118 0.037575
0 0.184689 0.172502 0.024221 0.030743
0 0.025952 0.246371 0.033737 0.035013
0 0.501081 0.945346 0.038495 0.034159
0 0.400519 0.932963 0.035467 0.031597
0 0.864403 0.687447 0.025519 0.035867
0 0.812284 0.667805 0.032872 0.032451
0 0.987673 0.386422 0.019464 0.023057
0 0.974697 0.082408 0.047145 0.050384
0 0.987673 0.106746 0.022924 0.030743
0 0.387543 0.344577 0.041522 0.026473
0 0.052984 0.946627 0.035035 0.038429
0 0.97216796875 0.6337890625 0.0283203125 0.0703125
1 0.2744140625 0.03759765625 0.04296875 0.0380859375
1 0.25634765625 0.064453125 0.0400390625 0.056640625
1 0.173828125 0.04150390625 0.021484375 0.0478515625
1 0.16357421875 0.05517578125 0.0244140625 0.0458984375
1 0.19091796875 0.068359375 0.0302734375 0.046875
1 0.318359375 0.1123046875 0.044921875 0.04296875
1 0.3037109375 0.10205078125 0.037109375 0.0458984375
1 0.2880859375 0.646484375 0.0390625 0.044921875
1 0.30712890625 0.640625 0.0517578125 0.03125
1 0.32568359375 0.65283203125 0.0439453125 0.0302734375
1 0.3486328125 0.68505859375 0.04296875 0.0400390625
1 0.2587890625 0.6787109375 0.0234375 0.046875
1 0.275390625 0.70751953125 0.03515625 0.0478515625
1 0.29638671875 0.73291015625 0.0419921875 0.0400390625
1 0.3154296875 0.6884765625 0.033203125 0.041015625
1 0.3330078125 0.71484375 0.0546875 0.041015625
1 0.26953125 0.76611328125 0.04296875 0.0634765625
1 0.6630859375 0.91357421875 0.05078125 0.0419921875
1 0.625 0.89013671875 0.052734375 0.0419921875
1 0.58056640625 0.896484375 0.0302734375 0.037109375
1 0.583984375 0.93994140625 0.03125 0.0498046875
1 0.6513671875 0.97216796875 0.05078125 0.0478515625
1 0.6171875 0.93408203125 0.044921875 0.0556640625
1 0.607421875 0.96630859375 0.037109375 0.0556640625
0 0.62109375 0.0966796875 0.037109375 0.0625
0 0.5869140625 0.1513671875 0.046875 0.03515625
0 0.56494140625 0.13525390625 0.0341796875 0.0478515625
0 0.5283203125 0.1123046875 0.0546875 0.04296875
0 0.52099609375 0.17919921875 0.0263671875 0.0322265625
0 0.732421875 0.25634765625 0.037109375 0.0537109375
0 0.37939453125 0.41552734375 0.0361328125 0.0576171875
0 0.24755859375 0.2431640625 0.0341796875 0.02734375
0 0.14404296875 0.1455078125 0.0263671875 0.033203125
1 0.2822265625 0.12109375 0.015625 0.03125
1 0.26708984375 0.1396484375 0.0166015625 0.0390625
1 0.20849609375 0.04248046875 0.0341796875 0.0439453125
1 0.22509765625 0.08056640625 0.0400390625 0.0498046875
0 0.11328125 0.24267578125 0.037109375 0.0263671875
0 0.12353515625 0.30859375 0.0400390625 0.05078125
0 0.16064453125 0.2724609375 0.0224609375 0.03515625
0 0.1640625 0.2978515625 0.0234375 0.029296875
0 0.203125 0.32958984375 0.029296875 0.0341796875
0 0.0634765625 0.30615234375 0.05078125 0.0498046875
0 0.01904296875 0.37646484375 0.0087890625 0.0478515625
0 0.03466796875 0.5126953125 0.0205078125 0.046875
0 0.12060546875 0.53369140625 0.0498046875 0.0595703125
0 0.10986328125 0.6181640625 0.0478515625 0.041015625
0 0.265625 0.4814453125 0.0234375 0.0390625
0 0.2109375 0.5859375 0.044921875 0.064453125
0 0.1533203125 0.67822265625 0.05078125 0.0458984375
0 0.099609375 0.81640625 0.041015625 0.0390625
0 0.1201171875 0.79296875 0.033203125 0.044921875
0 0.11376953125 0.8984375 0.0224609375 0.04296875
0 0.10302734375 0.9794921875 0.0322265625 0.0234375
0 0.45068359375 0.36279296875 0.0400390625 0.0654296875
0 0.49755859375 0.34716796875 0.0478515625 0.0478515625
0 0.32958984375 0.86279296875 0.0361328125 0.0537109375
0 0.30078125 0.17626953125 0.052734375 0.0498046875
