0 0.5234375 0.642578125 0.03125 0.03125
0 0.517578125 0.78515625 0.03125 0.03125
0 0.51171875 0.79296875 0.03125 0.03125
0 0.212890625 0.72802734375 0.025390625 0.0224609375
0 0.12451171875 0.94189453125 0.0263671875 0.0166015625
0 0.291015625 0.98095703125 0.015625 0.0205078125
0 0.275390625 0.64453125 0.0234375 0.029296875
0 0.302734375 0.04736328125 0.021484375 0.0263671875
1 0.197265625 0.8291015625 0.013671875 0.021484375
1 0.208984375 0.837890625 0.017578125 0.021484375
1 0.18896484375 0.84375 0.0205078125 0.021484375
1 0.20361328125 0.86083984375 0.0146484375 0.0224609375
1 0.22265625 0.869140625 0.021484375 0.03125
1 0.20263671875 0.8740234375 0.0244140625 0.029296875
1 0.7998046875 0.662109375 0.02734375 0.0234375
1 0.7822265625 0.66748046875 0.0234375 0.0283203125
1 0.78466796875 0.6865234375 0.0185546875 0.03125
1 0.76318359375 0.6826171875 0.0166015625 0.02734375
1 0.76513671875 0.6484375 0.0205078125 0.025390625
1 0.75390625 0.6611328125 0.013671875 0.025390625
1 0.74365234375 0.6630859375 0.0146484375 0.029296875
1 0.7392578125 0.67333984375 0.015625 0.0341796875
0 0.7255859375 0.3564453125 0.0234375 0.01953125
0 0.724609375 0.3662109375 0.017578125 0.01953125
