0 0.164360 0.890692 0.048443 0.058070
0 0.939014 0.573442 0.050173 0.058924
0 0.761029 0.736977 0.048010 0.063194
0 0.888625 0.050384 0.028114 0.061486
0 0.617647 0.169086 0.047578 0.046114
0 0.368296 0.496157 0.053201 0.046114
0 0.561635 0.606746 0.043685 0.053800
0 0.627379 0.595218 0.035035 0.054654
0 0.869161 0.667378 0.050606 0.048676
0 0.858131 0.616567 0.047578 0.049530
0 0.847535 0.805295 0.033304 0.059778
0 0.848832 0.874466 0.037630 0.054654
0 0.806445 0.962852 0.051471 0.046968
0 0.759516 0.501708 0.026817 0.045260
0 0.899654 0.692143 0.019896 0.046968
0 0.967993 0.487617 0.055363 0.063194
0 0.955882 0.400939 0.031142 0.040137
0 0.969939 0.375747 0.016869 0.039283
0 0.939663 0.725021 0.040225 0.023911
0 0.862673 0.925278 0.044550 0.029889
0 0.843209 0.925705 0.025519 0.027327
0 0.673875 0.959009 0.034602 0.035867
0 0.762327 0.951324 0.037630 0.046114
0 0.680580 0.709650 0.031574 0.044406
0 0.696583 0.730572 0.047145 0.036721
0 0.737673 0.549957 0.029844 0.049530
0 0.781358 0.550811 0.041090 0.030743
0 0.617431 0.437233 0.035035 0.044406
0 0.562933 0.421862 0.030709 0.046114
0 0.508434 0.480786 0.035035 0.066610
0 0.406574 0.549957 0.047578 0.044406
0 0.367863 0.529889 0.030709 0.031597
0 0.289792 0.499573 0.032007 0.042699
0 0.314879 0.694705 0.027682 0.029889
0 0.312284 0.722459 0.021626 0.025619
0 0.317042 0.860376 0.020761 0.031597
0 0.239619 0.753202 0.048443 0.047822
0 0.268382 0.768147 0.028979 0.036721
0 0.268599 0.888984 0.029412 0.051238
0 0.397708 0.901366 0.041955 0.031597
0 0.522059 0.950470 0.048443 0.034159
0 0.208694 0.617421 0.031574 0.027327
0 0.263408 0.298463 0.023356 0.033305
0 0.475130 0.195559 0.026384 0.034159
0 0.537846 0.578138 0.024654 0.051238
0 0.205666 0.790350 0.025519 0.026473
0 0.214317 0.820239 0.041955 0.035013
0 0.442258 0.213493 0.026384 0.025619
0 0.870026 0.369769 0.016869 0.039283
0 0.917604 0.274552 0.026384 0.036721
0 0.799957 0.450470 0.021194 0.031597
0 0.655926 0.126388 0.037630 0.032451
0 0.179715 0.672075 0.016869 0.035867
0 0.312500 0.839026 0.042820 0.029889
0 0.9619140625 0.0263671875 0.02734375 0.048828125
0 0.62060546875 0.72998046875 0.0380859375 0.0439453125
1 0.5400390625 0.7490234375 0.04296875 0.03515625
1 0.556640625 0.78662109375 0.041015625 0.0380859375
1 0.51806640625 0.79931640625 0.0380859375 0.0498046875
1 0.48974609375 0.76904296875 0.0263671875 0.0380859375
1 0.4228515625 0.81201171875 0.03515625 0.0478515625
1 0.43701171875 0.85205078125 0.0439453125 0.0556640625
1 0.4677734375 0.8251953125 0.033203125 0.0390625
1 0.47802734375 0.86474609375 0.0400390625 0.0380859375
1 0.4931640625 0.798828125 0.03515625 0.03125
1 0.51025390625 0.8310546875 0.0322265625 0.046875
0 0.50146484375 0.09326171875 0.0283203125 0.0439453125
0 0.60498046875 0.0859375 0.0419921875 0.048828125
0 0.56591796875 0.0947265625 0.0439453125 0.048828125
0 0.5439453125 0.212890625 0.05078125 0.0390625
0 0.09423828125 0.119140625 0.0283203125 0.033203125
0 0.12744140625 0.09912109375 0.0302734375 0.0283203125
0 0.06640625 0.05712890625 0.048828125 0.0361328125
0 0.07568359375 0.169921875 0.0185546875 0.03125
0 0.19140625 0.03271484375 0.025390625 0.0302734375
0 0.30810546875 0.06787109375 0.0478515625 0.0302734375
0 0.2822265625 0.0263671875 0.01953125 0.02734375
0 0.24755859375 0.10009765625 0.0419921875 0.0224609375
0 0.259765625 0.4248046875 0.056640625 0.05078125
0 0.36767578125 0.37841796875 0.0283203125 0.0419921875
0 0.361328125 0.2900390625 0.021484375 0.02734375
0 0.2939453125 0.2548828125 0.03515625 0.04296875
0 0.23779296875 0.298828125 0.0244140625 0.03515625
0 0.140625 0.75439453125 0.041015625 0.0478515625
0 0.97607421875 0.92236328125 0.0302734375 0.0556640625
0 0.919921875 0.73193359375 0.017578125 0.0439453125
0 0.81787109375 0.38330078125 0.0185546875 0.0458984375
0 0.8125 0.31591796875 0.029296875 0.0322265625
0 0.78515625 0.29736328125 0.0390625 0.0576171875
0 0.93359375 0.3876953125 0.021484375 0.02734375
0 0.4736328125 0.03515625 0.04296875 0.04296875
0 0.4248046875 0.25830078125 0.015625 0.0302734375
0 0.4677734375 0.287109375 0.03515625 0.02734375
0 0.31982421875 0.18603515625 0.0419921875 0.0302734375
0 0.34765625 0.2021484375 0.029296875 0.025390625
0 0.12890625 0.44677734375 0.033203125 0.0224609375
0 0.07421875 0.4521484375 0.044921875 0.048828125
0 0.05615234375 0.513671875 0.0322265625 0.021484375
1 0.15087890625 0.29248046875 0.0185546875 0.0478515625
1 0.12890625 0.28076171875 0.029296875 0.0224609375
1 0.10400390625 0.24853515625 0.0166015625 0.0380859375
1 0.0908203125 0.2734375 0.033203125 0.05078125
1 0.07666015625 0.29052734375 0.0341796875 0.0361328125
1 0.0791015625 0.3232421875 0.01953125 0.046875
1 0.07763671875 0.3369140625 0.0439453125 0.048828125
1 0.11669921875 0.34619140625 0.0322265625 0.0400390625
1 0.1484375 0.32958984375 0.037109375 0.0361328125
0 0.14892578125 0.23486328125 0.0458984375 0.0205078125
1 0.45751953125 0.79736328125 0.0322265625 0.0458984375
0 0.56396484375 0.64306640625 0.0224609375 0.0341796875
0 0.3955078125 0.35986328125 0.01953125 0.0322265625
0 0.76171875 0.05615234375 0.033203125 0.0302734375
0 0.9755859375 0.78662109375 0.02734375 0.0322265625
0 0.94775390625 0.611328125 0.0361328125 0.03125
0 0.20458984375 0.9501953125 0.0224609375 0.0390625
