0 0.445069 0.162681 0.049308 0.065756
0 0.950260 0.497011 0.043253 0.058070
0 0.857699 0.855679 0.052768 0.052946
0 0.593858 0.587959 0.039792 0.060632
0 0.397708 0.731426 0.043685 0.052092
0 0.740701 0.230572 0.037630 0.059778
0 0.904196 0.069599 0.048875 0.057216
0 0.935986 0.033732 0.046713 0.065756
0 0.645545 0.289069 0.028114 0.057216
0 0.642734 0.380444 0.033737 0.050384
0 0.585424 0.436379 0.047145 0.047822
0 0.501730 0.349274 0.049308 0.046114
0 0.459126 0.295901 0.049740 0.043553
0 0.416955 0.333903 0.060554 0.039283
0 0.752163 0.714774 0.051038 0.070026
0 0.741349 0.587105 0.040657 0.045260
0 0.979022 0.568318 0.038495 0.048676
0 0.980104 0.754483 0.038927 0.048676
0 0.586289 0.761315 0.060121 0.053800
0 0.396843 0.946200 0.040225 0.052946
0 0.364619 0.778395 0.035467 0.050384
0 0.363971 0.715628 0.042820 0.056362
0 0.154844 0.045260 0.050173 0.075149
0 0.135381 0.087105 0.049308 0.047822
0 0.044334 0.170367 0.038495 0.052092
0 0.304715 0.504270 0.051471 0.057216
0 0.073097 0.607600 0.034602 0.053800
0 0.181661 0.677626 0.030277 0.057216
0 0.296929 0.860803 0.028979 0.052946
0 0.427984 0.548249 0.041090 0.054654
0 0.716912 0.595218 0.019464 0.052946
0 0.732050 0.619556 0.019464 0.048676
0 0.827638 0.348420 0.041090 0.032451
0 0.972751 0.382152 0.042388 0.048676
0 0.965614 0.891973 0.047145 0.040137
0 0.535251 0.407344 0.042820 0.023911
0 0.545199 0.370623 0.046280 0.035867
0 0.763625 0.190436 0.035900 0.052946
0 0.392517 0.090094 0.035900 0.046968
0 0.093858 0.066610 0.035467 0.034159
0 0.055147 0.213920 0.037630 0.023057
0 0.058175 0.242955 0.022059 0.040137
0 0.39892578125 0.22998046875 0.0302734375 0.0478515625
1 0.09716796875 0.07763671875 0.0400390625 0.0205078125
1 0.1650390625 0.05810546875 0.04296875 0.0654296875
1 0.11328125 0.123046875 0.046875 0.037109375
1 0.14208984375 0.09912109375 0.0380859375 0.0341796875
1 0.185546875 0.09423828125 0.0390625 0.0380859375
1 0.1650390625 0.13720703125 0.03515625 0.0361328125
1 0.1865234375 0.1279296875 0.02734375 0.041015625
1 0.42041015625 0.33984375 0.0439453125 0.052734375
1 0.40625 0.35888671875 0.029296875 0.0498046875
1 0.46044921875 0.31298828125 0.0419921875 0.0419921875
1 0.46142578125 0.3515625 0.0341796875 0.056640625
1 0.45361328125 0.38427734375 0.0361328125 0.0517578125
1 0.50146484375 0.359375 0.0458984375 0.05078125
1 0.50341796875 0.39794921875 0.0400390625 0.0478515625
1 0.54150390625 0.37841796875 0.0419921875 0.0439453125
1 0.5380859375 0.412109375 0.046875 0.033203125
1 0.93310546875 0.0361328125 0.0400390625 0.052734375
1 0.89453125 0.04052734375 0.041015625 0.0361328125
1 0.94384765625 0.08642578125 0.0361328125 0.0478515625
1 0.9072265625 0.0703125 0.048828125 0.05078125
1 0.9208984375 0.10986328125 0.046875 0.0283203125
1 0.85546875 0.08544921875 0.029296875 0.0244140625
1 0.880859375 0.1064453125 0.04296875 0.044921875
1 0.86572265625 0.12255859375 0.0302734375 0.0341796875
1 0.8701171875 0.1435546875 0.0390625 0.037109375
1 0.13720703125 0.2861328125 0.0419921875 0.060546875
0 0.37158203125 0.34912109375 0.0341796875 0.0537109375
0 0.1103515625 0.4912109375 0.03515625 0.05859375
0 0.1689453125 0.57421875 0.05078125 0.064453125
0 0.03076171875 0.041015625 0.0322265625 0.029296875
0 0.0185546875 0.07666015625 0.0078125 0.0400390625
0 0.5078125 0.052734375 0.033203125 0.05859375
0 0.69140625 0.10107421875 0.0390625 0.0419921875
0 0.6611328125 0.07275390625 0.03125 0.0595703125
0 0.64013671875 0.09423828125 0.0322265625 0.0556640625
0 0.21728515625 0.66748046875 0.0498046875 0.0556640625
0 0.35986328125 0.63134765625 0.0556640625 0.0556640625
0 0.97412109375 0.25732421875 0.0302734375 0.0419921875
0 0.9267578125 0.21484375 0.01953125 0.0390625
0 0.75048828125 0.03857421875 0.0517578125 0.0341796875
0 0.72216796875 0.16650390625 0.0341796875 0.0263671875
0 0.5703125 0.17529296875 0.044921875 0.0615234375
0 0.583984375 0.2841796875 0.048828125 0.0546875
0 0.51416015625 0.517578125 0.0595703125 0.056640625
0 0.365234375 0.9638671875 0.029296875 0.048828125
0 0.23779296875 0.71728515625 0.0302734375 0.0302734375
