1 0.8466796875 0.16796875 0.021484375 0.017578125
1 0.822265625 0.15380859375 0.017578125 0.0185546875
1 0.84765625 0.19287109375 0.029296875 0.0185546875
1 0.833984375 0.17724609375 0.013671875 0.0185546875
1 0.8232421875 0.17041015625 0.015625 0.0126953125
1 0.806640625 0.16748046875 0.017578125 0.0185546875
1 0.7939453125 0.15625 0.017578125 0.015625
1 0.79052734375 0.16748046875 0.0166015625 0.0146484375
1 0.80322265625 0.18603515625 0.0263671875 0.0224609375
1 0.779296875 0.18505859375 0.013671875 0.0244140625
1 0.79248046875 0.1982421875 0.0224609375 0.015625
1 0.76708984375 0.20703125 0.0302734375 0.02734375
1 0.17822265625 0.0830078125 0.0283203125 0.03515625
1 0.24951171875 0.095703125 0.0224609375 0.02734375
1 0.232421875 0.0927734375 0.025390625 0.015625
1 0.21875 0.0908203125 0.029296875 0.029296875
1 0.2041015625 0.09912109375 0.025390625 0.0244140625
1 0.17236328125 0.11181640625 0.0126953125 0.0302734375
1 0.21435546875 0.11572265625 0.0224609375 0.0302734375
1 0.2294921875 0.1220703125 0.03125 0.03125
1 0.2412109375 0.13037109375 0.03125 0.0380859375
1 0.18505859375 0.123046875 0.0205078125 0.025390625
1 0.1923828125 0.11572265625 0.01953125 0.0302734375
1 0.193359375 0.14404296875 0.025390625 0.0263671875
1 0.2119140625 0.15576171875 0.025390625 0.0322265625
0 0.98486328125 0.1259765625 0.0185546875 0.029296875
0 0.81201171875 0.07958984375 0.0244140625 0.0185546875
0 0.45263671875 0.02685546875 0.0263671875 0.0244140625
0 0.3857421875 0.06689453125 0.025390625 0.0224609375
0 0.3779296875 0.08203125 0.01953125 0.021484375
0 0.19970703125 0.3369140625 0.0283203125 0.029296875
0 0.37353515625 0.26611328125 0.0244140625 0.0283203125
0 0.3798828125 0.4052734375 0.01953125 0.017578125
0 0.41455078125 0.4130859375 0.0166015625 0.025390625
0 0.3935546875 0.421875 0.0234375 0.017578125
0 0.591796875 0.38330078125 0.0234375 0.0185546875
0 0.87939453125 0.34326171875 0.0185546875 0.0263671875
0 0.8173828125 0.56103515625 0.0234375 0.0322265625
0 0.7998046875 0.6669921875 0.02734375 0.037109375
0 0.8857421875 0.67822265625 0.01953125 0.0205078125
0 0.90673828125 0.6796875 0.0263671875 0.029296875
0 0.4033203125 0.5791015625 0.01953125 0.033203125
0 0.42578125 0.578125 0.021484375 0.03125
0 0.32275390625 0.55615234375 0.0302734375 0.0341796875
0 0.2294921875 0.5546875 0.02734375 0.02734375
0 0.234375 0.59033203125 0.029296875 0.0283203125
0 0.111328125 0.6640625 0.01953125 0.02734375
0 0.02978515625 0.66552734375 0.0244140625 0.0361328125
0 0.0673828125 0.68896484375 0.0234375 0.0322265625
0 0.37646484375 0.70849609375 0.0302734375 0.0361328125
0 0.580078125 0.7998046875 0.025390625 0.03125
0 0.5166015625 0.8466796875 0.01953125 0.03125
0 0.53955078125 0.86083984375 0.0146484375 0.0224609375
0 0.55517578125 0.8623046875 0.0263671875 0.017578125
0 0.2861328125 0.80419921875 0.03515625 0.0224609375
0 0.28662109375 0.837890625 0.0283203125 0.03515625
0 0.42919921875 0.88427734375 0.0166015625 0.0166015625
0 0.3642578125 0.96826171875 0.02734375 0.0224609375
0 0.4443359375 0.90576171875 0.01953125 0.0205078125
0 0.42822265625 0.92236328125 0.0244140625 0.0205078125
0 0.22705078125 0.05859375 0.0224609375 0.021484375
