0 0.917388 0.658412 0.044118 0.061486
0 0.830234 0.064048 0.050606 0.049530
0 0.808607 0.026046 0.044550 0.046968
0 0.283737 0.101196 0.042388 0.062340
0 0.578936 0.757899 0.042820 0.048676
0 0.386894 0.385568 0.039360 0.053800
0 0.878893 0.446627 0.042388 0.046114
0 0.207396 0.317677 0.046280 0.040991
0 0.304282 0.362938 0.045415 0.046114
0 0.151817 0.792912 0.044118 0.033305
0 0.145978 0.884714 0.048010 0.029035
0 0.185986 0.923997 0.040657 0.039283
0 0.292604 0.733988 0.046280 0.040137
0 0.326990 0.574295 0.028547 0.057216
0 0.338884 0.427412 0.036765 0.036721
0 0.299524 0.414176 0.030709 0.037575
0 0.269247 0.497865 0.025519 0.032451
0 0.205882 0.484202 0.051038 0.030743
0 0.202855 0.458155 0.040657 0.028181
0 0.089100 0.480786 0.046713 0.029035
0 0.113322 0.297182 0.043253 0.030743
0 0.527465 0.450470 0.029844 0.058924
0 0.627163 0.632365 0.044983 0.041845
0 0.716696 0.622545 0.028547 0.058070
0 0.657223 0.299317 0.024654 0.045260
0 0.509083 0.672502 0.022491 0.057216
0 0.522491 0.678480 0.016436 0.052092
0 0.410035 0.642186 0.046713 0.032451
0 0.414144 0.543553 0.035900 0.058924
0 0.090830 0.138343 0.034602 0.046114
0 0.445502 0.466695 0.057093 0.045260
0 0.457612 0.474381 0.027682 0.040137
0 0.732266 0.318104 0.037197 0.024765
0 0.606401 0.555508 0.038927 0.036721
0 0.555363 0.327071 0.032007 0.032451
0 0.833478 0.615286 0.042388 0.026473
0 0.863754 0.626388 0.030277 0.029889
0 0.043253 0.552092 0.064014 0.038429
0 0.49462890625 0.1396484375 0.0458984375 0.037109375
0 0.02880859375 0.845703125 0.0537109375 0.0546875
0 0.78271484375 0.6953125 0.0419921875 0.03125
0 0.51611328125 0.55517578125 0.0361328125 0.0615234375
0 0.61083984375 0.21728515625 0.0380859375 0.0478515625
0 0.90966796875 0.330078125 0.0322265625 0.05078125
0 0.91259765625 0.45947265625 0.0380859375 0.0380859375
0 0.88427734375 0.45849609375 0.0400390625 0.0263671875
0 0.97314453125 0.6787109375 0.0419921875 0.046875
0 0.68603515625 0.82275390625 0.0361328125 0.0439453125
0 0.75439453125 0.79931640625 0.0439453125 0.0380859375
0 0.59326171875 0.9189453125 0.0537109375 0.03515625
0 0.59033203125 0.6611328125 0.0322265625 0.068359375
0 0.4091796875 0.67431640625 0.0625 0.0419921875
0 0.02392578125 0.60400390625 0.0400390625 0.0595703125
0 0.990234375 0.375 0.015625 0.052734375
0 0.18896484375 0.3759765625 0.0615234375 0.041015625
0 0.03466796875 0.94970703125 0.0498046875 0.0400390625
0 0.38720703125 0.98583984375 0.0498046875 0.0244140625
0 0.8447265625 0.58447265625 0.03125 0.0380859375
0 0.51513671875 0.31884765625 0.0341796875 0.0419921875
0 0.482421875 0.55908203125 0.029296875 0.0244140625
0 0.36767578125 0.77099609375 0.0400390625 0.0283203125
0 0.39501953125 0.77099609375 0.0341796875 0.0498046875
0 0.47509765625 0.8076171875 0.0439453125 0.041015625
0 0.51806640625 0.87158203125 0.0322265625 0.0244140625
0 0.25634765625 0.21142578125 0.0458984375 0.0419921875
0 0.3359375 0.2490234375 0.04296875 0.03125
0 0.3525390625 0.27734375 0.01171875 0.03515625
0 0.08740234375 0.77685546875 0.0302734375 0.0302734375
0 0.10498046875 0.76318359375 0.0244140625 0.0302734375
0 0.11767578125 0.75244140625 0.0224609375 0.0302734375
0 0.12890625 0.73828125 0.021484375 0.03125
0 0.74072265625 0.3564453125 0.0498046875 0.033203125
0 0.78759765625 0.37060546875 0.0478515625 0.0283203125
0 0.82177734375 0.3515625 0.0126953125 0.03515625
0 0.7939453125 0.33935546875 0.03515625 0.0283203125
0 0.666015625 0.2216796875 0.033203125 0.029296875
0 0.71435546875 0.0478515625 0.0185546875 0.033203125
0 0.671875 0.02734375 0.041015625 0.03125
0 0.4248046875 0.0244140625 0.021484375 0.015625
0 0.423828125 0.0537109375 0.021484375 0.013671875
0 0.4560546875 0.0595703125 0.013671875 0.021484375
0 0.4365234375 0.0576171875 0.01171875 0.01953125
0 0.4775390625 0.0615234375 0.013671875 0.0234375
0 0.1416015625 0.39501953125 0.015625 0.0302734375
0 0.76611328125 0.90478515625 0.0283203125 0.0400390625
0 0.732421875 0.9072265625 0.021484375 0.05078125
0 0.7529296875 0.9560546875 0.02734375 0.017578125
1 0.763671875 0.47998046875 0.037109375 0.0341796875
1 0.7880859375 0.47509765625 0.03515625 0.0341796875
1 0.75537109375 0.50830078125 0.0400390625 0.0478515625
1 0.79052734375 0.5126953125 0.0341796875 0.041015625
1 0.724609375 0.51953125 0.041015625 0.01953125
1 0.69580078125 0.5029296875 0.0439453125 0.025390625
0 0.779296875 0.5673828125 0.0390625 0.025390625
0 0.7783203125 0.5908203125 0.046875 0.02734375
0 0.77978515625 0.63232421875 0.0244140625 0.0458984375
0 0.49951171875 0.88916015625 0.0244140625 0.0224609375
0 0.50341796875 0.91845703125 0.0302734375 0.0224609375
0 0.478515625 0.96875 0.048828125 0.03515625
0 0.44580078125 0.8134765625 0.0283203125 0.048828125
0 0.42822265625 0.82763671875 0.0205078125 0.0361328125
0 0.16357421875 0.5771484375 0.0205078125 0.0234375
1 0.27587890625 0.79443359375 0.0380859375 0.0224609375
1 0.28369140625 0.828125 0.0244140625 0.05078125
1 0.31298828125 0.826171875 0.0341796875 0.048828125
1 0.33251953125 0.861328125 0.0185546875 0.048828125
1 0.259765625 0.83935546875 0.033203125 0.0224609375
1 0.26220703125 0.8720703125 0.0302734375 0.01953125
0 0.8818359375 0.96435546875 0.03125 0.0244140625
0 0.9375 0.90087890625 0.033203125 0.0380859375
0 0.904296875 0.89208984375 0.029296875 0.0302734375
0 0.87548828125 0.87646484375 0.0283203125 0.0263671875
0 0.85400390625 0.90380859375 0.0439453125 0.0341796875
0 0.72705078125 0.8017578125 0.0205078125 0.041015625
0 0.71923828125 0.22412109375 0.0302734375 0.0244140625
0 0.72021484375 0.251953125 0.0400390625 0.02734375
0 0.76708984375 0.22412109375 0.0283203125 0.0439453125
0 0.7587890625 0.271484375 0.0234375 0.0234375
1 0.24267578125 0.892578125 0.0244140625 0.03125
0 0.2939453125 0.21435546875 0.0390625 0.0380859375
