1 0.455078125 0.3349609375 0.013671875 0.03515625
1 0.46044921875 0.35107421875 0.0146484375 0.0322265625
1 0.474609375 0.34375 0.017578125 0.02734375
1 0.494140625 0.3369140625 0.021484375 0.03125
1 0.51416015625 0.34326171875 0.0126953125 0.0283203125
1 0.517578125 0.35009765625 0.021484375 0.0224609375
1 0.4716796875 0.3662109375 0.01953125 0.02734375
1 0.4892578125 0.36474609375 0.015625 0.0263671875
1 0.5048828125 0.3603515625 0.017578125 0.025390625
1 0.50927734375 0.37158203125 0.0185546875 0.0302734375
1 0.41552734375 0.6015625 0.0244140625 0.03125
1 0.3447265625 0.6005859375 0.01953125 0.0234375
1 0.39990234375 0.60546875 0.0107421875 0.0234375
1 0.38720703125 0.60595703125 0.0166015625 0.0224609375
1 0.36962890625 0.59814453125 0.0166015625 0.0166015625
1 0.341796875 0.62158203125 0.021484375 0.0263671875
1 0.35546875 0.63623046875 0.017578125 0.0224609375
1 0.36328125 0.6162109375 0.017578125 0.01953125
1 0.4189453125 0.61962890625 0.01953125 0.0146484375
1 0.412109375 0.63134765625 0.021484375 0.0146484375
1 0.40869140625 0.640625 0.0205078125 0.021484375
1 0.38330078125 0.63818359375 0.0224609375 0.0166015625
1 0.37451171875 0.6455078125 0.0224609375 0.0234375
1 0.3935546875 0.6455078125 0.0234375 0.021484375
0 0.8642578125 0.15966796875 0.03125 0.0341796875
0 0.88720703125 0.18994140625 0.0224609375 0.0283203125
0 0.822265625 0.32177734375 0.029296875 0.0263671875
0 0.73876953125 0.40673828125 0.0263671875 0.0322265625
0 0.720703125 0.4208984375 0.021484375 0.029296875
0 0.7236328125 0.49609375 0.0234375 0.0234375
0 0.71142578125 0.6455078125 0.0244140625 0.03125
0 0.71630859375 0.705078125 0.0244140625 0.037109375
0 0.66064453125 0.052734375 0.0224609375 0.025390625
0 0.60546875 0.09765625 0.021484375 0.02734375
0 0.44140625 0.16015625 0.021484375 0.03515625
0 0.40283203125 0.2744140625 0.0244140625 0.0234375
0 0.1884765625 0.08349609375 0.0234375 0.0283203125
0 0.0673828125 0.13330078125 0.0234375 0.0263671875
0 0.0888671875 0.29443359375 0.02734375 0.0341796875
0 0.1943359375 0.302734375 0.029296875 0.03125
0 0.29833984375 0.39892578125 0.0244140625 0.0380859375
0 0.25 0.537109375 0.025390625 0.017578125
0 0.3935546875 0.75341796875 0.021484375 0.0244140625
0 0.40283203125 0.748046875 0.0205078125 0.02734375
0 0.33837890625 0.939453125 0.0244140625 0.03125
0 0.18310546875 0.84619140625 0.0302734375 0.0263671875
0 0.25 0.97216796875 0.0234375 0.0302734375
0 0.048828125 0.79638671875 0.029296875 0.0263671875
