0 0.1162109375 0.7109375 0.05859375 0.0390625
0 0.1103515625 0.72900390625 0.04296875 0.0498046875
0 0.125 0.7802734375 0.052734375 0.060546875
0 0.078125 0.7666015625 0.056640625 0.0546875
0 0.0380859375 0.75732421875 0.046875 0.0439453125
0 0.0361328125 0.70849609375 0.05078125 0.0615234375
0 0.2587890625 0.66748046875 0.072265625 0.0458984375
0 0.259765625 0.69775390625 0.068359375 0.0419921875
0 0.279296875 0.73486328125 0.064453125 0.0302734375
0 0.26171875 0.79638671875 0.068359375 0.0693359375
0 0.306640625 0.77734375 0.037109375 0.05078125
0 0.47412109375 0.38818359375 0.0673828125 0.0751953125
0 0.44677734375 0.4794921875 0.0302734375 0.037109375
0 0.47216796875 0.48876953125 0.0302734375 0.0458984375
0 0.4990234375 0.45166015625 0.03515625 0.0576171875
0 0.52099609375 0.42578125 0.0322265625 0.052734375
0 0.52294921875 0.484375 0.0400390625 0.05078125
0 0.54052734375 0.49755859375 0.0166015625 0.0244140625
0 0.56201171875 0.46337890625 0.0341796875 0.0654296875
0 0.59423828125 0.43798828125 0.0556640625 0.0576171875
0 0.58984375 0.4970703125 0.060546875 0.0546875
0 0.630859375 0.47119140625 0.0546875 0.0439453125
0 0.5029296875 0.55078125 0.046875 0.076171875
0 0.63134765625 0.53076171875 0.0478515625 0.0556640625
0 0.4306640625 0.541015625 0.064453125 0.078125
0 0.3623046875 0.79736328125 0.033203125 0.0634765625
0 0.3974609375 0.826171875 0.046875 0.05078125
0 0.35498046875 0.8642578125 0.0556640625 0.056640625
0 0.32080078125 0.80712890625 0.0302734375 0.0478515625
0 0.3193359375 0.83837890625 0.037109375 0.0322265625
0 0.29541015625 0.84814453125 0.0361328125 0.0419921875
0 0.787109375 0.82421875 0.041015625 0.052734375
0 0.73828125 0.904296875 0.044921875 0.0703125
0 0.7724609375 0.93994140625 0.0546875 0.0400390625
0 0.779296875 0.904296875 0.01953125 0.03515625
0 0.75341796875 0.84765625 0.0439453125 0.076171875
0 0.79052734375 0.86767578125 0.0380859375 0.0556640625
