0 0.7841796875 0.52880859375 0.015625 0.0185546875
0 0.802734375 0.54345703125 0.025390625 0.0224609375
0 0.787109375 0.5693359375 0.02734375 0.025390625
0 0.77294921875 0.552734375 0.0166015625 0.01953125
0 0.7568359375 0.52392578125 0.01953125 0.0166015625
0 0.751953125 0.54296875 0.021484375 0.025390625
0 0.7431640625 0.55517578125 0.03125 0.0341796875
0 0.73388671875 0.58544921875 0.0263671875 0.0185546875
0 0.7451171875 0.59765625 0.03125 0.029296875
0 0.90283203125 0.6484375 0.0263671875 0.03515625
0 0.875 0.640625 0.021484375 0.0234375
0 0.87890625 0.65478515625 0.021484375 0.0263671875
0 0.85791015625 0.65185546875 0.0185546875 0.0263671875
0 0.86474609375 0.67138671875 0.0166015625 0.0322265625
0 0.87939453125 0.68701171875 0.0244140625 0.0341796875
0 0.59619140625 0.62890625 0.0205078125 0.021484375
0 0.5986328125 0.61279296875 0.01171875 0.0263671875
0 0.61865234375 0.61279296875 0.0205078125 0.0283203125
0 0.63037109375 0.63134765625 0.0224609375 0.0224609375
0 0.6083984375 0.65087890625 0.0234375 0.0224609375
