0 0.53125 0.1591796875 0.048828125 0.052734375
0 0.5185546875 0.2080078125 0.05078125 0.056640625
0 0.56689453125 0.181640625 0.0361328125 0.04296875
0 0.599609375 0.20166015625 0.02734375 0.0361328125
0 0.587890625 0.22998046875 0.033203125 0.0302734375
0 0.55712890625 0.22216796875 0.0205078125 0.0283203125
0 0.56689453125 0.2412109375 0.0302734375 0.03515625
0 0.67919921875 0.3857421875 0.0341796875 0.0390625
0 0.64990234375 0.40673828125 0.0322265625 0.0400390625
0 0.56494140625 0.5244140625 0.0400390625 0.046875
0 0.59033203125 0.4970703125 0.0244140625 0.04296875
0 0.609375 0.5029296875 0.029296875 0.037109375
0 0.7177734375 0.39013671875 0.03125 0.0458984375
0 0.7197265625 0.4365234375 0.03125 0.03515625
0 0.68359375 0.42822265625 0.029296875 0.0478515625
0 0.69775390625 0.4619140625 0.0283203125 0.03515625
0 0.65625 0.46240234375 0.037109375 0.0380859375
0 0.67578125 0.4921875 0.025390625 0.0390625
0 0.6455078125 0.52978515625 0.03125 0.0341796875
0 0.59814453125 0.5439453125 0.0322265625 0.048828125
0 0.7587890625 0.45166015625 0.03515625 0.0322265625
0 0.78515625 0.47119140625 0.029296875 0.0380859375
0 0.7333984375 0.48583984375 0.03125 0.0302734375
0 0.77099609375 0.4990234375 0.0341796875 0.044921875
0 0.73095703125 0.5166015625 0.0283203125 0.041015625
0 0.70751953125 0.5546875 0.0341796875 0.037109375
0 0.640625 0.59130859375 0.04296875 0.0361328125
0 0.84033203125 0.50830078125 0.0263671875 0.0400390625
0 0.79736328125 0.5263671875 0.0244140625 0.048828125
0 0.81591796875 0.51318359375 0.0185546875 0.0322265625
0 0.82763671875 0.5400390625 0.0185546875 0.033203125
0 0.8125 0.564453125 0.025390625 0.037109375
0 0.87158203125 0.59326171875 0.0263671875 0.0498046875
0 0.77099609375 0.60693359375 0.0361328125 0.0439453125
0 0.712890625 0.60986328125 0.029296875 0.0458984375
0 0.84765625 0.625 0.029296875 0.044921875
0 0.7958984375 0.689453125 0.0390625 0.04296875
0 0.849609375 0.68505859375 0.033203125 0.0478515625
0 0.888671875 0.65087890625 0.021484375 0.0361328125
0 0.90380859375 0.66796875 0.0224609375 0.0390625
0 0.89404296875 0.70458984375 0.0341796875 0.0439453125
0 0.76220703125 0.7333984375 0.0263671875 0.033203125
0 0.7890625 0.75341796875 0.021484375 0.0283203125
0 0.7412109375 0.78369140625 0.01953125 0.0263671875
0 0.69091796875 0.75537109375 0.0341796875 0.0458984375
0 0.6171875 0.6376953125 0.03125 0.0390625
0 0.6123046875 0.71044921875 0.02734375 0.0361328125
0 0.64892578125 0.68017578125 0.0283203125 0.0576171875
0 0.72607421875 0.671875 0.0283203125 0.046875
0 0.755859375 0.5556640625 0.021484375 0.037109375
0 0.6982421875 0.5048828125 0.01953125 0.0390625
