0 0.17578125 0.5361328125 0.021484375 0.0390625
0 0.15869140625 0.55859375 0.0185546875 0.03125
0 0.154296875 0.5400390625 0.01953125 0.037109375
0 0.1279296875 0.51416015625 0.02734375 0.0224609375
0 0.53662109375 0.90234375 0.0244140625 0.02734375
0 0.53564453125 0.8779296875 0.0302734375 0.017578125
0 0.5166015625 0.896484375 0.01953125 0.025390625
0 0.5078125 0.8671875 0.021484375 0.01953125
0 0.498046875 0.8857421875 0.017578125 0.01953125
0 0.48876953125 0.87646484375 0.0185546875 0.0244140625
0 0.49462890625 0.89892578125 0.0244140625 0.0244140625
0 0.47607421875 0.8857421875 0.0146484375 0.017578125
0 0.478515625 0.90576171875 0.01953125 0.0322265625
0 0.138671875 0.5390625 0.01953125 0.03125
0 0.12060546875 0.537109375 0.0224609375 0.02734375
0 0.15966796875 0.06640625 0.0107421875 0.025390625
0 0.14990234375 0.05859375 0.0107421875 0.029296875
0 0.1318359375 0.0576171875 0.01953125 0.01953125
0 0.11083984375 0.0634765625 0.0205078125 0.01953125
0 0.0966796875 0.0791015625 0.015625 0.01953125
0 0.111328125 0.08349609375 0.01953125 0.0380859375
0 0.41650390625 0.1435546875 0.0224609375 0.033203125
0 0.4052734375 0.14892578125 0.0234375 0.0224609375
0 0.4296875 0.1904296875 0.013671875 0.0390625
0 0.4189453125 0.177734375 0.013671875 0.021484375
0 0.40185546875 0.169921875 0.0126953125 0.037109375
0 0.3857421875 0.171875 0.01953125 0.025390625
0 0.375 0.17822265625 0.017578125 0.0224609375
0 0.369140625 0.2041015625 0.013671875 0.03125
0 0.37841796875 0.216796875 0.0146484375 0.02734375
