0 0.91455078125 0.4072265625 0.0185546875 0.029296875
0 0.90283203125 0.40185546875 0.0185546875 0.0224609375
0 0.87744140625 0.37109375 0.0185546875 0.021484375
0 0.89013671875 0.38134765625 0.0146484375 0.0126953125
0 0.8681640625 0.390625 0.01171875 0.0234375
0 0.86279296875 0.41455078125 0.0146484375 0.0185546875
0 0.86572265625 0.43017578125 0.0146484375 0.0146484375
0 0.87890625 0.4140625 0.017578125 0.025390625
0 0.88134765625 0.39892578125 0.0146484375 0.0244140625
0 0.09130859375 0.67724609375 0.0205078125 0.0166015625
0 0.13671875 0.67041015625 0.013671875 0.0126953125
0 0.13671875 0.68408203125 0.017578125 0.0146484375
0 0.119140625 0.67333984375 0.013671875 0.0107421875
0 0.12548828125 0.69287109375 0.0126953125 0.0185546875
0 0.11474609375 0.69287109375 0.0048828125 0.0322265625
0 0.10693359375 0.67919921875 0.0126953125 0.0166015625
0 0.08837890625 0.70947265625 0.0146484375 0.0146484375
0 0.09765625 0.6943359375 0.017578125 0.015625
