0 0.9638671875 0.41650390625 0.03125 0.0322265625
0 0.9765625 0.41943359375 0.029296875 0.0341796875
0 0.9755859375 0.44091796875 0.013671875 0.0419921875
0 0.9755859375 0.44775390625 0.0234375 0.0205078125
0 0.9677734375 0.4716796875 0.02734375 0.037109375
0 0.94921875 0.45263671875 0.033203125 0.0185546875
0 0.93994140625 0.46875 0.0244140625 0.041015625
0 0.3203125 0.17431640625 0.013671875 0.0205078125
0 0.3203125 0.19775390625 0.017578125 0.0244140625
0 0.30908203125 0.212890625 0.0126953125 0.021484375
0 0.2998046875 0.1630859375 0.017578125 0.0234375
0 0.23828125 0.0771484375 0.021484375 0.0234375
0 0.22900390625 0.08984375 0.0166015625 0.021484375
0 0.21240234375 0.09912109375 0.0205078125 0.0126953125
0 0.2138671875 0.11474609375 0.02734375 0.0185546875
0 0.2578125 0.13525390625 0.01171875 0.0146484375
0 0.26318359375 0.1474609375 0.0244140625 0.0234375
0 0.28076171875 0.1494140625 0.0146484375 0.017578125
0 0.24609375 0.111328125 0.021484375 0.021484375
