0 0.96484375 0.0673828125 0.025390625 0.03125
0 0.94580078125 0.0732421875 0.0224609375 0.021484375
0 0.87255859375 0.3232421875 0.0244140625 0.021484375
0 0.86572265625 0.388671875 0.0244140625 0.025390625
0 0.85302734375 0.46923828125 0.0244140625 0.0302734375
0 0.841796875 0.45166015625 0.0234375 0.0244140625
0 0.92919921875 0.9013671875 0.0263671875 0.029296875
0 0.81787109375 0.98974609375 0.0224609375 0.0166015625
0 0.78564453125 0.97705078125 0.0224609375 0.0283203125
0 0.7705078125 0.82421875 0.025390625 0.02734375
0 0.796875 0.59521484375 0.0234375 0.0322265625
0 0.787109375 0.10888671875 0.025390625 0.0244140625
0 0.7724609375 0.14697265625 0.02734375 0.0244140625
0 0.73583984375 0.109375 0.0244140625 0.029296875
0 0.75634765625 0.25390625 0.0283203125 0.02734375
0 0.7421875 0.19189453125 0.0234375 0.0263671875
0 0.73291015625 0.16259765625 0.0263671875 0.0263671875
0 0.55224609375 0.232421875 0.0224609375 0.02734375
0 0.544921875 0.345703125 0.025390625 0.021484375
0 0.52490234375 0.3486328125 0.0185546875 0.025390625
0 0.5244140625 0.52783203125 0.02734375 0.0302734375
0 0.4775390625 0.974609375 0.02734375 0.0234375
0 0.3984375 0.45654296875 0.021484375 0.0224609375
0 0.33349609375 0.60888671875 0.0302734375 0.0302734375
0 0.26611328125 0.6953125 0.0244140625 0.029296875
0 0.2353515625 0.69287109375 0.02734375 0.0302734375
0 0.22119140625 0.5703125 0.0263671875 0.025390625
0 0.2626953125 0.25830078125 0.03125 0.0361328125
0 0.1083984375 0.66845703125 0.03125 0.0302734375
0 0.05224609375 0.43701171875 0.0322265625 0.0302734375
0 0.1376953125 0.08447265625 0.029296875 0.0380859375
0 0.0859375 0.1728515625 0.025390625 0.033203125
0 0.07080078125 0.16064453125 0.0263671875 0.0361328125
0 0.01025390625 0.279296875 0.0185546875 0.029296875
0 0.01318359375 0.40283203125 0.0244140625 0.0263671875
0 0.0107421875 0.423828125 0.017578125 0.02734375
