0 0.98876953125 0.76171875 0.0185546875 0.04296875
0 0.92236328125 0.23388671875 0.0302734375 0.0419921875
0 0.78125 0.28759765625 0.033203125 0.0361328125
0 0.92138671875 0.48974609375 0.0263671875 0.0458984375
0 0.93798828125 0.50341796875 0.0185546875 0.0244140625
0 0.80322265625 0.48095703125 0.0322265625 0.0322265625
0 0.66845703125 0.45703125 0.0244140625 0.037109375
0 0.67236328125 0.564453125 0.0361328125 0.033203125
0 0.630859375 0.71240234375 0.03515625 0.0361328125
0 0.62060546875 0.7333984375 0.0283203125 0.03515625
0 0.45166015625 0.65185546875 0.0341796875 0.0263671875
0 0.6982421875 0.05615234375 0.02734375 0.0322265625
0 0.53515625 0.02392578125 0.0234375 0.0322265625
0 0.66162109375 0.12158203125 0.0283203125 0.0322265625
0 0.6533203125 0.14599609375 0.0234375 0.0263671875
0 0.6396484375 0.15673828125 0.025390625 0.0380859375
0 0.5849609375 0.2216796875 0.029296875 0.037109375
0 0.5224609375 0.28662109375 0.033203125 0.0419921875
0 0.37158203125 0.3662109375 0.0263671875 0.03125
0 0.25146484375 0.02392578125 0.0302734375 0.0263671875
0 0.197265625 0.21044921875 0.03125 0.0263671875
0 0.302734375 0.43896484375 0.02734375 0.0302734375
0 0.3046875 0.4619140625 0.033203125 0.02734375
0 0.388671875 0.8603515625 0.03125 0.041015625
0 0.3681640625 0.88330078125 0.02734375 0.0302734375
0 0.2421875 0.779296875 0.029296875 0.044921875
0 0.1650390625 0.75537109375 0.01953125 0.0244140625
0 0.1455078125 0.79296875 0.029296875 0.037109375
0 0.173828125 0.94873046875 0.021484375 0.0400390625
0 0.15185546875 0.9384765625 0.0302734375 0.037109375
0 0.1865234375 0.51611328125 0.02734375 0.0244140625
0 0.17138671875 0.50439453125 0.0263671875 0.0302734375
0 0.03759765625 0.189453125 0.0283203125 0.03515625
0 0.013671875 0.27392578125 0.025390625 0.0517578125
0 0.00634765625 0.3798828125 0.0126953125 0.0390625
