0 0.2421875 0.728515625 0.03125 0.03125
0 0.33203125 0.521484375 0.03125 0.03125
0 0.35546875 0.513671875 0.03125 0.03125
0 0.248046875 0.33984375 0.03125 0.03125
0 0.265625 0.328125 0.03125 0.03125
0 0.251953125 0.330078125 0.03125 0.03125
0 0.5859375 0.353515625 0.03125 0.03125
0 0.826171875 0.353515625 0.03125 0.03125
0 0.962890625 0.478515625 0.03125 0.03125
0 0.830078125 0.373046875 0.03125 0.03125
0 0.921875 0.685546875 0.03125 0.03125
0 0.921875 0.66796875 0.03125 0.03125
0 0.8515625 0.751953125 0.03125 0.03125
0 0.83984375 0.740234375 0.03125 0.03125
0 0.85546875 0.740234375 0.03125 0.03125
0 0.59375 0.685546875 0.03125 0.03125
0 0.5009765625 0.53173828125 0.01953125 0.0263671875
0 0.5087890625 0.5498046875 0.03125 0.021484375
