0 0.0615234375 0.05126953125 0.03125 0.0439453125
0 0.10595703125 0.15478515625 0.0302734375 0.0439453125
0 0.150390625 0.166015625 0.029296875 0.0390625
0 0.240234375 0.09033203125 0.02734375 0.0341796875
0 0.34619140625 0.02197265625 0.0302734375 0.0185546875
0 0.373046875 0.05908203125 0.037109375 0.0400390625
0 0.31982421875 0.1015625 0.0263671875 0.037109375
0 0.62890625 0.1591796875 0.03125 0.03515625
0 0.673828125 0.42529296875 0.025390625 0.0302734375
0 0.66455078125 0.43896484375 0.0263671875 0.0322265625
0 0.48779296875 0.51513671875 0.0322265625 0.0361328125
0 0.23291015625 0.6201171875 0.0263671875 0.048828125
0 0.10595703125 0.90087890625 0.0263671875 0.0244140625
0 0.0908203125 0.89208984375 0.01171875 0.0166015625
0 0.1005859375 0.9462890625 0.01953125 0.03515625
0 0.2666015625 0.85546875 0.03125 0.03125
0 0.33056640625 0.8896484375 0.0302734375 0.02734375
0 0.49169921875 0.83935546875 0.0302734375 0.0380859375
0 0.56689453125 0.8271484375 0.0166015625 0.03125
0 0.5888671875 0.8251953125 0.0234375 0.0234375
0 0.53125 0.6455078125 0.025390625 0.021484375
0 0.9423828125 0.5322265625 0.03125 0.03515625
0 0.875 0.72216796875 0.03125 0.0419921875
