1 0.771484375 0.04638671875 0.021484375 0.0146484375
1 0.794921875 0.064453125 0.009765625 0.03125
1 0.76953125 0.0703125 0.025390625 0.025390625
1 0.75 0.068359375 0.017578125 0.021484375
1 0.7431640625 0.08056640625 0.0234375 0.0263671875
1 0.7900390625 0.078125 0.02734375 0.02734375
1 0.80419921875 0.09130859375 0.0126953125 0.0322265625
1 0.798828125 0.0927734375 0.025390625 0.029296875
0 0.388671875 0.11181640625 0.029296875 0.0224609375
0 0.02978515625 0.33154296875 0.0224609375 0.0302734375
0 0.03369140625 0.34326171875 0.0224609375 0.0185546875
0 0.076171875 0.39111328125 0.017578125 0.0224609375
0 0.48681640625 0.146484375 0.0263671875 0.025390625
0 0.6591796875 0.3203125 0.0234375 0.021484375
0 0.701171875 0.07763671875 0.025390625 0.0302734375
0 0.93798828125 0.09521484375 0.0224609375 0.0146484375
0 0.923828125 0.107421875 0.021484375 0.021484375
0 0.4638671875 0.38037109375 0.01953125 0.0224609375
0 0.44580078125 0.37939453125 0.0185546875 0.0263671875
0 0.349609375 0.5107421875 0.029296875 0.025390625
0 0.44677734375 0.49365234375 0.0244140625 0.0283203125
0 0.20654296875 0.673828125 0.0283203125 0.0234375
0 0.3359375 0.7470703125 0.03125 0.01953125
0 0.24658203125 0.96875 0.0283203125 0.025390625
0 0.56884765625 0.90771484375 0.0283203125 0.0205078125
