1 0.76904296875 0.39013671875 0.0400390625 0.0322265625
1 0.75439453125 0.4228515625 0.0400390625 0.029296875
1 0.794921875 0.4345703125 0.0390625 0.041015625
1 0.8193359375 0.42041015625 0.01953125 0.0322265625
1 0.76611328125 0.4599609375 0.0400390625 0.037109375
1 0.748046875 0.49609375 0.033203125 0.029296875
1 0.7880859375 0.5 0.0390625 0.04296875
1 0.8271484375 0.49853515625 0.03515625 0.0341796875
1 0.759765625 0.52783203125 0.060546875 0.0302734375
0 0.6162109375 0.068359375 0.0390625 0.0390625
0 0.66015625 0.052734375 0.037109375 0.046875
0 0.552734375 0.07275390625 0.048828125 0.0498046875
0 0.47216796875 0.13232421875 0.0400390625 0.0458984375
0 0.36328125 0.2001953125 0.033203125 0.046875
0 0.3466796875 0.2177734375 0.041015625 0.041015625
0 0.23193359375 0.2158203125 0.0380859375 0.0234375
0 0.11962890625 0.23193359375 0.0283203125 0.0400390625
0 0.11376953125 0.271484375 0.0302734375 0.0234375
0 0.10986328125 0.3662109375 0.0400390625 0.04296875
0 0.11328125 0.42333984375 0.029296875 0.0439453125
0 0.31298828125 0.3583984375 0.0439453125 0.0390625
0 0.32421875 0.3984375 0.044921875 0.0234375
0 0.1748046875 0.541015625 0.044921875 0.044921875
0 0.03564453125 0.3798828125 0.0283203125 0.0390625
0 0.09619140625 0.69189453125 0.0263671875 0.0439453125
0 0.1640625 0.6689453125 0.037109375 0.03515625
0 0.19921875 0.7021484375 0.029296875 0.033203125
0 0.43212890625 0.6123046875 0.0458984375 0.033203125
0 0.46435546875 0.57861328125 0.0341796875 0.0224609375
0 0.48681640625 0.25927734375 0.0224609375 0.0419921875
0 0.517578125 0.2666015625 0.025390625 0.05078125
0 0.4775390625 0.31298828125 0.03515625 0.0185546875
0 0.48388671875 0.3681640625 0.0283203125 0.03125
0 0.49951171875 0.333984375 0.0263671875 0.02734375
0 0.6025390625 0.28515625 0.044921875 0.048828125
0 0.591796875 0.37109375 0.041015625 0.03125
0 0.63037109375 0.4287109375 0.0458984375 0.03125
0 0.7021484375 0.28515625 0.0390625 0.025390625
0 0.6904296875 0.34130859375 0.03125 0.0556640625
0 0.9482421875 0.12646484375 0.041015625 0.0537109375
0 0.87109375 0.18212890625 0.044921875 0.0302734375
0 0.83984375 0.2470703125 0.04296875 0.033203125
0 0.8681640625 0.5068359375 0.03515625 0.029296875
0 0.84765625 0.5390625 0.037109375 0.017578125
0 0.8037109375 0.603515625 0.02734375 0.05078125
0 0.86328125 0.638671875 0.041015625 0.033203125
0 0.9306640625 0.640625 0.0390625 0.041015625
0 0.859375 0.75732421875 0.029296875 0.0244140625
0 0.57080078125 0.56591796875 0.0400390625 0.0283203125
0 0.58154296875 0.63720703125 0.0244140625 0.0302734375
0 0.63330078125 0.677734375 0.0263671875 0.01953125
0 0.64306640625 0.70751953125 0.0380859375 0.0302734375
0 0.8134765625 0.8525390625 0.037109375 0.0546875
0 0.78857421875 0.8779296875 0.0341796875 0.048828125
0 0.72265625 0.9541015625 0.02734375 0.056640625
0 0.64990234375 0.82958984375 0.0302734375 0.0224609375
0 0.46337890625 0.75439453125 0.0341796875 0.0400390625
0 0.30859375 0.84423828125 0.03515625 0.0556640625
0 0.25732421875 0.689453125 0.0400390625 0.0234375
0 0.212890625 0.64306640625 0.03125 0.0263671875
0 0.4736328125 0.45458984375 0.021484375 0.0302734375
0 0.45263671875 0.05224609375 0.0341796875 0.0439453125
0 0.24462890625 0.14599609375 0.0341796875 0.0361328125
0 0.10302734375 0.1865234375 0.0380859375 0.046875
0 0.05859375 0.06591796875 0.052734375 0.0380859375
0 0.08935546875 0.86376953125 0.0283203125 0.0419921875
0 0.0380859375 0.84716796875 0.021484375 0.0302734375
0 0.595703125 0.7734375 0.044921875 0.048828125
0 0.703125 0.7451171875 0.041015625 0.033203125
0 0.6142578125 0.9072265625 0.037109375 0.029296875
0 0.62646484375 0.85400390625 0.0556640625 0.0341796875
0 0.7548828125 0.96630859375 0.03125 0.0322265625
0 0.8330078125 0.9404296875 0.0390625 0.041015625
0 0.90283203125 0.7919921875 0.0263671875 0.0390625
0 0.90380859375 0.751953125 0.0263671875 0.041015625
0 0.97412109375 0.68310546875 0.0322265625 0.0244140625
0 0.96826171875 0.37109375 0.0302734375 0.0390625
0 0.9091796875 0.40478515625 0.03515625 0.0283203125
0 0.921875 0.35546875 0.021484375 0.0234375
0 0.8896484375 0.111328125 0.0390625 0.03125
0 0.69921875 0.2333984375 0.037109375 0.025390625
0 0.07177734375 0.154296875 0.0244140625 0.033203125
