0 0.975779 0.129804 0.047578 0.066610
0 0.826990 0.074722 0.049308 0.070880
0 0.966263 0.793339 0.051903 0.063194
0 0.786116 0.487617 0.046280 0.063194
0 0.694637 0.907344 0.045848 0.052092
0 0.588019 0.854398 0.046280 0.036721
0 0.542820 0.871477 0.052768 0.055508
0 0.367215 0.724167 0.033737 0.034159
0 0.466479 0.530316 0.048875 0.032451
0 0.546929 0.510248 0.028979 0.062340
0 0.432958 0.492741 0.038927 0.039283
0 0.449827 0.460290 0.035467 0.017079
0 0.352292 0.441076 0.033304 0.052092
0 0.256920 0.555935 0.022491 0.046114
0 0.094074 0.658839 0.060121 0.046968
0 0.175606 0.659693 0.038062 0.067464
0 0.216696 0.706234 0.051038 0.056362
0 0.266436 0.650726 0.015571 0.035867
0 0.252163 0.713493 0.024221 0.029889
0 0.063149 0.516652 0.043253 0.037575
0 0.058391 0.564475 0.044118 0.052946
0 0.475995 0.296328 0.039360 0.027327
0 0.696799 0.047395 0.033737 0.076003
1 0.87939453125 0.8505859375 0.0400390625 0.04296875
1 0.87158203125 0.875 0.0380859375 0.041015625
1 0.8720703125 0.9091796875 0.0390625 0.029296875
1 0.8759765625 0.9306640625 0.046875 0.03515625
1 0.8505859375 0.95703125 0.05078125 0.04296875
1 0.3173828125 0.31640625 0.02734375 0.048828125
1 0.30615234375 0.33984375 0.0419921875 0.052734375
1 0.25927734375 0.3662109375 0.0302734375 0.033203125
1 0.2587890625 0.388671875 0.021484375 0.044921875
1 0.28515625 0.3798828125 0.037109375 0.0390625
1 0.32958984375 0.34326171875 0.0341796875 0.0458984375
1 0.3603515625 0.33349609375 0.033203125 0.0302734375
1 0.32568359375 0.3720703125 0.0341796875 0.029296875
1 0.30859375 0.40283203125 0.021484375 0.0283203125
1 0.333984375 0.40576171875 0.03515625 0.0263671875
1 0.36474609375 0.39306640625 0.0498046875 0.0439453125
0 0.611328125 0.95361328125 0.044921875 0.0478515625
0 0.58447265625 0.95849609375 0.0224609375 0.0400390625
0 0.6396484375 0.97216796875 0.037109375 0.0302734375
0 0.97802734375 0.9677734375 0.0224609375 0.041015625
0 0.8798828125 0.20263671875 0.025390625 0.0537109375
0 0.7236328125 0.24951171875 0.015625 0.0380859375
0 0.71728515625 0.19287109375 0.0400390625 0.0478515625
0 0.6875 0.40869140625 0.025390625 0.0517578125
0 0.59765625 0.2744140625 0.048828125 0.052734375
0 0.52734375 0.25341796875 0.044921875 0.0302734375
0 0.29296875 0.1904296875 0.052734375 0.052734375
0 0.2041015625 0.14990234375 0.015625 0.0498046875
0 0.23046875 0.1865234375 0.021484375 0.03515625
0 0.06494140625 0.2275390625 0.0478515625 0.0390625
0 0.0693359375 0.38525390625 0.03125 0.0419921875
0 0.02685546875 0.39013671875 0.0205078125 0.0224609375
0 0.03271484375 0.4140625 0.0361328125 0.025390625
0 0.1787109375 0.29541015625 0.048828125 0.0419921875
0 0.2177734375 0.24072265625 0.0390625 0.0498046875
0 0.236328125 0.46728515625 0.044921875 0.0361328125
0 0.26220703125 0.44921875 0.0263671875 0.03515625
0 0.22509765625 0.49951171875 0.0517578125 0.0322265625
0 0.169921875 0.45458984375 0.025390625 0.0361328125
0 0.1826171875 0.515625 0.013671875 0.0234375
0 0.1318359375 0.52197265625 0.03125 0.0322265625
0 0.14208984375 0.58349609375 0.0478515625 0.0458984375
0 0.08544921875 0.7294921875 0.0244140625 0.041015625
0 0.21875 0.76904296875 0.052734375 0.0419921875
0 0.357421875 0.67822265625 0.044921875 0.0380859375
0 0.41015625 0.814453125 0.068359375 0.0703125
0 0.349609375 0.775390625 0.041015625 0.02734375
0 0.28271484375 0.74658203125 0.0244140625 0.0419921875
0 0.34423828125 0.9716796875 0.0361328125 0.037109375
0 0.44384765625 0.92822265625 0.0244140625 0.0400390625
0 0.408203125 0.5712890625 0.029296875 0.048828125
0 0.4228515625 0.27294921875 0.048828125 0.0458984375
0 0.55712890625 0.3115234375 0.0341796875 0.05859375
0 0.56201171875 0.041015625 0.0458984375 0.046875
0 0.44287109375 0.103515625 0.0361328125 0.0390625
0 0.888671875 0.13037109375 0.03515625 0.0400390625
0 0.51953125 0.47998046875 0.025390625 0.0263671875
0 0.14990234375 0.84228515625 0.0283203125 0.0302734375
0 0.11572265625 0.83544921875 0.0458984375 0.0263671875
1 0.08642578125 0.88134765625 0.0283203125 0.0439453125
1 0.0908203125 0.90087890625 0.0234375 0.0478515625
1 0.12548828125 0.92578125 0.0498046875 0.03515625
1 0.1083984375 0.93798828125 0.041015625 0.0517578125
1 0.08984375 0.97607421875 0.044921875 0.0205078125
1 0.0498046875 0.95751953125 0.0390625 0.0224609375
1 0.06298828125 0.93408203125 0.0302734375 0.0185546875
1 0.05126953125 0.9052734375 0.0380859375 0.029296875
1 0.03515625 0.890625 0.044921875 0.04296875
1 0.802734375 0.779296875 0.02734375 0.044921875
1 0.77490234375 0.80126953125 0.0458984375 0.0595703125
1 0.76611328125 0.75048828125 0.0302734375 0.0380859375
1 0.73046875 0.74853515625 0.0234375 0.0341796875
1 0.74169921875 0.7666015625 0.0419921875 0.029296875
1 0.708984375 0.76171875 0.025390625 0.03515625
1 0.72021484375 0.78857421875 0.0341796875 0.0361328125
1 0.74169921875 0.81787109375 0.0302734375 0.0400390625
1 0.7607421875 0.8349609375 0.04296875 0.041015625
