1 0.53662109375 0.0849609375 0.0302734375 0.044921875
1 0.455078125 0.09716796875 0.041015625 0.0361328125
1 0.4345703125 0.14111328125 0.0390625 0.0517578125
1 0.4609375 0.16064453125 0.033203125 0.0419921875
1 0.48291015625 0.115234375 0.0302734375 0.03125
1 0.5419921875 0.14599609375 0.0234375 0.0439453125
1 0.5263671875 0.1240234375 0.01953125 0.033203125
1 0.51318359375 0.12744140625 0.0224609375 0.0283203125
1 0.49169921875 0.1494140625 0.0380859375 0.04296875
1 0.50390625 0.19189453125 0.0390625 0.0498046875
0 0.7509765625 0.06005859375 0.0390625 0.0556640625
0 0.6572265625 0.03515625 0.05078125 0.029296875
0 0.87255859375 0.29052734375 0.0419921875 0.0439453125
0 0.80908203125 0.29736328125 0.0537109375 0.0400390625
0 0.80859375 0.3466796875 0.056640625 0.041015625
0 0.529296875 0.34375 0.056640625 0.05859375
0 0.53662109375 0.28271484375 0.0380859375 0.0361328125
0 0.59619140625 0.21826171875 0.0498046875 0.0419921875
0 0.341796875 0.18505859375 0.046875 0.0537109375
0 0.279296875 0.21044921875 0.029296875 0.0166015625
0 0.29052734375 0.240234375 0.0458984375 0.041015625
0 0.08740234375 0.07470703125 0.0322265625 0.0361328125
0 0.03369140625 0.10205078125 0.0400390625 0.0361328125
0 0.03271484375 0.158203125 0.0341796875 0.0546875
0 0.06103515625 0.21142578125 0.0498046875 0.0439453125
0 0.0927734375 0.28173828125 0.041015625 0.0341796875
0 0.203125 0.2197265625 0.025390625 0.044921875
0 0.296875 0.33349609375 0.033203125 0.0263671875
0 0.21240234375 0.36376953125 0.0244140625 0.0576171875
0 0.1748046875 0.38232421875 0.0390625 0.0302734375
0 0.12939453125 0.38916015625 0.0380859375 0.0322265625
0 0.140625 0.4560546875 0.033203125 0.046875
0 0.044921875 0.4072265625 0.041015625 0.01953125
0 0.0224609375 0.35888671875 0.01953125 0.0224609375
0 0.0810546875 0.521484375 0.046875 0.0390625
0 0.2333984375 0.58056640625 0.0390625 0.0517578125
0 0.20654296875 0.63818359375 0.0400390625 0.0458984375
0 0.11376953125 0.78369140625 0.0498046875 0.0341796875
0 0.3095703125 0.72119140625 0.04296875 0.0322265625
0 0.33837890625 0.56201171875 0.0322265625 0.0380859375
0 0.40087890625 0.8037109375 0.0361328125 0.021484375
0 0.4111328125 0.8369140625 0.05078125 0.04296875
0 0.31005859375 0.82373046875 0.0283203125 0.0517578125
0 0.0263671875 0.91455078125 0.02734375 0.0380859375
0 0.02001953125 0.876953125 0.0166015625 0.01953125
0 0.1123046875 0.8583984375 0.0390625 0.05078125
0 0.396484375 0.5087890625 0.0390625 0.05078125
0 0.478515625 0.607421875 0.03515625 0.03515625
0 0.5146484375 0.57763671875 0.04296875 0.0458984375
0 0.82470703125 0.7314453125 0.0361328125 0.04296875
0 0.9140625 0.77734375 0.037109375 0.056640625
0 0.92822265625 0.607421875 0.0341796875 0.02734375
0 0.7822265625 0.8720703125 0.03515625 0.029296875
0 0.8154296875 0.85205078125 0.0390625 0.0302734375
0 0.90380859375 0.87451171875 0.0361328125 0.0419921875
0 0.77490234375 0.9443359375 0.0322265625 0.041015625
0 0.5634765625 0.703125 0.04296875 0.046875
0 0.4501953125 0.50439453125 0.0390625 0.0517578125
0 0.37890625 0.365234375 0.04296875 0.02734375
0 0.373046875 0.4365234375 0.048828125 0.044921875
0 0.26123046875 0.50341796875 0.0244140625 0.0263671875
0 0.28369140625 0.54296875 0.0244140625 0.048828125
0 0.96142578125 0.70849609375 0.0341796875 0.0439453125
