1 0.4970703125 0.376953125 0.01953125 0.029296875
1 0.47216796875 0.38671875 0.0185546875 0.02734375
1 0.4970703125 0.39892578125 0.013671875 0.0302734375
1 0.50634765625 0.408203125 0.0244140625 0.021484375
1 0.4931640625 0.41796875 0.015625 0.033203125
1 0.4580078125 0.39453125 0.015625 0.01953125
1 0.45947265625 0.42041015625 0.0224609375 0.0244140625
1 0.4794921875 0.42919921875 0.015625 0.0302734375
1 0.47607421875 0.44287109375 0.0126953125 0.0244140625
1 0.1982421875 0.46435546875 0.0234375 0.0146484375
1 0.18505859375 0.44921875 0.0185546875 0.025390625
1 0.13232421875 0.44384765625 0.0224609375 0.0224609375
1 0.154296875 0.451171875 0.017578125 0.0234375
1 0.13232421875 0.46630859375 0.0205078125 0.0244140625
1 0.138671875 0.48828125 0.01953125 0.017578125
1 0.15283203125 0.47216796875 0.0146484375 0.0185546875
1 0.150390625 0.49755859375 0.017578125 0.0244140625
1 0.16650390625 0.49169921875 0.0185546875 0.0244140625
1 0.18408203125 0.4814453125 0.0166015625 0.021484375
1 0.17041015625 0.46240234375 0.0107421875 0.0244140625
0 0.45458984375 0.0712890625 0.0185546875 0.025390625
0 0.57177734375 0.140625 0.0205078125 0.025390625
0 0.6455078125 0.13330078125 0.0234375 0.0263671875
0 0.75830078125 0.0322265625 0.0205078125 0.021484375
0 0.76220703125 0.0703125 0.0283203125 0.033203125
0 0.841796875 0.0361328125 0.0234375 0.021484375
0 0.9150390625 0.05859375 0.0234375 0.029296875
0 0.8896484375 0.17138671875 0.015625 0.0244140625
0 0.8056640625 0.265625 0.01953125 0.0234375
0 0.80859375 0.29052734375 0.025390625 0.0283203125
0 0.93212890625 0.3349609375 0.0185546875 0.01953125
0 0.95068359375 0.3583984375 0.0205078125 0.029296875
0 0.935546875 0.3681640625 0.013671875 0.01953125
0 0.87890625 0.40966796875 0.021484375 0.0166015625
0 0.87548828125 0.52880859375 0.0224609375 0.0263671875
0 0.80712890625 0.6826171875 0.0224609375 0.0234375
0 0.751953125 0.720703125 0.029296875 0.029296875
0 0.953125 0.931640625 0.029296875 0.0234375
0 0.60205078125 0.783203125 0.0224609375 0.02734375
0 0.56640625 0.8818359375 0.025390625 0.03125
0 0.6298828125 0.9541015625 0.01953125 0.03125
0 0.6455078125 0.96435546875 0.015625 0.0283203125
0 0.3505859375 0.34423828125 0.02734375 0.0166015625
0 0.23046875 0.07373046875 0.01953125 0.0185546875
0 0.2041015625 0.27099609375 0.0234375 0.0244140625
0 0.21826171875 0.40625 0.0185546875 0.02734375
0 0.24853515625 0.4208984375 0.0185546875 0.029296875
0 0.2998046875 0.46923828125 0.0234375 0.0244140625
0 0.38427734375 0.47998046875 0.0224609375 0.0341796875
0 0.3662109375 0.70849609375 0.01953125 0.0361328125
0 0.36962890625 0.916015625 0.0244140625 0.02734375
0 0.251953125 0.7509765625 0.03125 0.033203125
0 0.2724609375 0.9091796875 0.02734375 0.029296875
0 0.18408203125 0.56494140625 0.0205078125 0.0224609375
0 0.056640625 0.53857421875 0.021484375 0.0224609375
0 0.15576171875 0.62109375 0.0283203125 0.03515625
0 0.142578125 0.64453125 0.021484375 0.029296875
0 0.04541015625 0.7548828125 0.0263671875 0.0234375
0 0.09619140625 0.6982421875 0.0185546875 0.029296875
0 0.16259765625 0.88818359375 0.0283203125 0.0244140625
0 0.16650390625 0.966796875 0.0263671875 0.033203125
