1 0.08154296875 0.21923828125 0.0185546875 0.0263671875
1 0.09619140625 0.22705078125 0.0263671875 0.0283203125
1 0.0732421875 0.2314453125 0.017578125 0.0234375
1 0.05908203125 0.224609375 0.0166015625 0.01953125
1 0.05224609375 0.23193359375 0.0185546875 0.0224609375
1 0.048828125 0.251953125 0.015625 0.025390625
1 0.068359375 0.2490234375 0.021484375 0.0234375
1 0.05029296875 0.26513671875 0.0185546875 0.0302734375
1 0.0703125 0.2724609375 0.0234375 0.02734375
1 0.7607421875 0.2001953125 0.03125 0.029296875
1 0.732421875 0.20458984375 0.013671875 0.0146484375
1 0.74609375 0.21240234375 0.017578125 0.0263671875
1 0.765625 0.2216796875 0.029296875 0.021484375
1 0.7509765625 0.240234375 0.0234375 0.029296875
1 0.7509765625 0.25537109375 0.025390625 0.0263671875
1 0.72705078125 0.2177734375 0.0146484375 0.01953125
1 0.7158203125 0.22216796875 0.015625 0.0283203125
1 0.74072265625 0.2265625 0.0185546875 0.01953125
1 0.72705078125 0.23974609375 0.0224609375 0.0283203125
1 0.5546875 0.8798828125 0.021484375 0.025390625
1 0.5224609375 0.8837890625 0.015625 0.0234375
1 0.5107421875 0.89501953125 0.01953125 0.0185546875
1 0.56396484375 0.90087890625 0.0166015625 0.0322265625
1 0.53369140625 0.88720703125 0.0146484375 0.0126953125
1 0.5458984375 0.89453125 0.013671875 0.01953125
1 0.52490234375 0.9013671875 0.0205078125 0.0234375
1 0.55078125 0.916015625 0.029296875 0.017578125
1 0.54248046875 0.93017578125 0.0263671875 0.0263671875
1 0.52001953125 0.92529296875 0.0146484375 0.0283203125
0 0.10693359375 0.0732421875 0.0302734375 0.021484375
0 0.220703125 0.0244140625 0.037109375 0.01953125
0 0.0810546875 0.14794921875 0.033203125 0.0205078125
0 0.67333984375 0.240234375 0.0322265625 0.0234375
0 0.71533203125 0.65380859375 0.0263671875 0.0224609375
0 0.7177734375 0.6669921875 0.02734375 0.0234375
0 0.3857421875 0.52001953125 0.02734375 0.0205078125
0 0.2060546875 0.689453125 0.02734375 0.021484375
0 0.7822265625 0.50048828125 0.02734375 0.0244140625
0 0.7998046875 0.5166015625 0.0234375 0.03125
