0 0.95556640625 0.2099609375 0.0537109375 0.056640625
0 0.81494140625 0.1171875 0.0673828125 0.041015625
0 0.650390625 0.123046875 0.056640625 0.06640625
0 0.84033203125 0.19921875 0.0732421875 0.0703125
0 0.8603515625 0.28466796875 0.076171875 0.0830078125
0 0.71240234375 0.3935546875 0.0849609375 0.05078125
0 0.24365234375 0.1669921875 0.0517578125 0.064453125
0 0.09130859375 0.189453125 0.0673828125 0.064453125
0 0.2421875 0.29052734375 0.07421875 0.0712890625
0 0.0087890625 0.1357421875 0.017578125 0.02734375
0 0.01025390625 0.2890625 0.0185546875 0.0546875
0 0.4892578125 0.4609375 0.060546875 0.041015625
0 0.4052734375 0.50927734375 0.0859375 0.0791015625
0 0.3505859375 0.59033203125 0.078125 0.0576171875
0 0.25048828125 0.5 0.0830078125 0.0703125
0 0.10400390625 0.56884765625 0.0693359375 0.0732421875
0 0.17724609375 0.64013671875 0.0654296875 0.0595703125
0 0.04296875 0.65380859375 0.0546875 0.0478515625
0 0.03173828125 0.6875 0.0556640625 0.041015625
0 0.25830078125 0.78271484375 0.0888671875 0.0615234375
0 0.41455078125 0.6630859375 0.0693359375 0.072265625
0 0.54638671875 0.640625 0.0419921875 0.060546875
0 0.693359375 0.5625 0.07421875 0.0859375
0 0.6884765625 0.673828125 0.068359375 0.0625
0 0.70361328125 0.7392578125 0.0771484375 0.044921875
0 0.5126953125 0.71044921875 0.06640625 0.0380859375
0 0.5517578125 0.7353515625 0.0703125 0.048828125
0 0.84130859375 0.6533203125 0.0498046875 0.0703125
0 0.81884765625 0.80712890625 0.0732421875 0.0673828125
0 0.55615234375 0.89208984375 0.0869140625 0.0498046875
0 0.65673828125 0.79443359375 0.0693359375 0.0263671875
0 0.05712890625 0.97021484375 0.0888671875 0.0478515625
0 0.87890625 0.87939453125 0.046875 0.0458984375
0 0.87109375 0.91748046875 0.05078125 0.0498046875
0 0.826171875 0.88623046875 0.06640625 0.0654296875
0 0.5810546875 0.94970703125 0.0859375 0.0732421875
0 0.39599609375 0.015625 0.0927734375 0.03125
0 0.90625 0.66357421875 0.041015625 0.0322265625
