0 0.768166 0.044833 0.040657 0.057216
0 0.323097 0.554654 0.049308 0.062340
0 0.160683 0.166951 0.041955 0.058924
0 0.304498 0.854398 0.046713 0.060632
0 0.136246 0.554227 0.048443 0.059778
0 0.881055 0.669940 0.042388 0.069172
0 0.921280 0.628523 0.042388 0.066610
0 0.880190 0.800598 0.056228 0.053800
0 0.476860 0.825363 0.043685 0.050384
0 0.485727 0.790777 0.044118 0.040991
0 0.589749 0.373185 0.041955 0.063194
0 0.626946 0.383860 0.039360 0.060632
0 0.832612 0.407771 0.035467 0.046968
0 0.831964 0.483348 0.035035 0.056362
0 0.690095 0.503843 0.048010 0.047822
0 0.383867 0.102477 0.043685 0.052946
0 0.328071 0.079846 0.032439 0.058924
0 0.178201 0.319385 0.037197 0.059778
0 0.341912 0.332622 0.048010 0.057216
0 0.322448 0.355679 0.031574 0.055508
0 0.078720 0.967122 0.032007 0.057216
0 0.050389 0.599488 0.029844 0.054654
0 0.606834 0.718190 0.057958 0.047822
0 0.596670 0.592656 0.038495 0.068318
0 0.582180 0.897950 0.049308 0.058924
0 0.465614 0.899231 0.049740 0.078565
0 0.931877 0.133219 0.051471 0.039283
0 0.962370 0.121264 0.035467 0.052946
0 0.933824 0.034586 0.022491 0.036721
0 0.768599 0.269855 0.025087 0.044406
0 0.927768 0.344150 0.049308 0.030743
0 0.872189 0.373185 0.044550 0.037575
0 0.852725 0.578565 0.045415 0.035013
0 0.781574 0.513664 0.031142 0.050384
0 0.743296 0.470111 0.033304 0.028181
0 0.903114 0.536294 0.020761 0.029035
0 0.816176 0.833476 0.048443 0.040991
0 0.796713 0.943638 0.044118 0.054654
0 0.940744 0.839453 0.039792 0.035867
0 0.907223 0.859522 0.030709 0.041845
0 0.288711 0.690009 0.035035 0.037575
0 0.360294 0.602477 0.040657 0.036721
0 0.332396 0.651153 0.035035 0.048676
0 0.222535 0.613151 0.035035 0.035867
0 0.197232 0.622545 0.025952 0.029035
0 0.292171 0.458582 0.035035 0.058070
0 0.385597 0.230572 0.042820 0.037575
0 0.435121 0.219044 0.024221 0.048676
0 0.433824 0.266012 0.040657 0.038429
0 0.458478 0.111443 0.034602 0.062340
0 0.500216 0.155423 0.035900 0.030743
0 0.534386 0.347566 0.035900 0.044406
0 0.423659 0.556789 0.025519 0.049530
0 0.455882 0.581127 0.026817 0.033305
0 0.164792 0.543126 0.032007 0.040991
0 0.095804 0.209650 0.030709 0.062340
0 0.103806 0.113151 0.026817 0.046968
0 0.092344 0.026473 0.044550 0.044406
0 0.052768 0.162681 0.028547 0.038429
0 0.634732 0.032878 0.037630 0.055508
0 0.677984 0.044833 0.041090 0.040137
0 0.750000 0.350982 0.037197 0.046114
0 0.690744 0.713493 0.032007 0.046968
0 0.294766 0.800171 0.036765 0.037575
0 0.826171875 0.01416015625 0.060546875 0.0283203125
0 0.369140625 0.01220703125 0.0546875 0.0244140625
0 0.37109375 0.42578125 0.029296875 0.0703125
0 0.6171875 0.43994140625 0.0703125 0.0419921875
0 0.9580078125 0.4287109375 0.048828125 0.0546875
0 0.98681640625 0.61328125 0.0224609375 0.0546875
0 0.953125 0.98046875 0.0625 0.03515625
0 0.25244140625 0.43017578125 0.0400390625 0.0615234375
0 0.81640625 0.26611328125 0.029296875 0.0380859375
0 0.8212890625 0.2041015625 0.015625 0.0390625
0 0.70751953125 0.82666015625 0.0302734375 0.0478515625
0 0.72900390625 0.853515625 0.0166015625 0.0390625
0 0.1728515625 0.63037109375 0.01953125 0.0244140625
0 0.1064453125 0.95849609375 0.02734375 0.0302734375
0 0.79345703125 0.4130859375 0.0380859375 0.0390625
0 0.55224609375 0.08935546875 0.0263671875 0.0263671875
0 0.57177734375 0.12109375 0.0185546875 0.03125
0 0.6162109375 0.12060546875 0.05078125 0.0380859375
0 0.61572265625 0.162109375 0.0380859375 0.048828125
0 0.658203125 0.119140625 0.037109375 0.02734375
0 0.49853515625 0.525390625 0.0244140625 0.052734375
0 0.72509765625 0.91552734375 0.0361328125 0.0400390625
0 0.7060546875 0.9072265625 0.02734375 0.046875
0 0.708984375 0.9697265625 0.0234375 0.015625
0 0.7041015625 0.94189453125 0.0234375 0.0263671875
0 0.8828125 0.91650390625 0.01171875 0.0283203125
0 0.91162109375 0.50341796875 0.0419921875 0.0302734375
0 0.9951171875 0.2900390625 0.0078125 0.03515625
0 0.82421875 0.1337890625 0.0390625 0.041015625
0 0.1181640625 0.2509765625 0.03125 0.033203125
0 0.10888671875 0.599609375 0.0263671875 0.044921875
