0 0.407007 0.650299 0.051038 0.067464
0 0.294118 0.592229 0.054498 0.064048
0 0.439230 0.763450 0.044550 0.059778
0 0.857050 0.462425 0.056661 0.069172
0 0.507353 0.590521 0.044983 0.050384
0 0.774438 0.952605 0.049740 0.062340
0 0.585208 0.949189 0.050173 0.057216
0 0.238538 0.883433 0.055796 0.058924
0 0.044118 0.833903 0.027682 0.045260
0 0.041522 0.901366 0.039792 0.029889
0 0.226644 0.482067 0.049308 0.046968
0 0.658953 0.312553 0.053201 0.047822
0 0.873702 0.277114 0.032872 0.062340
0 0.939014 0.229291 0.048443 0.038429
0 0.940311 0.295047 0.029412 0.053800
0 0.936851 0.330060 0.049308 0.036721
0 0.886246 0.111870 0.034602 0.049530
0 0.920199 0.093083 0.038495 0.037575
0 0.631055 0.640478 0.022491 0.040991
0 0.849913 0.906917 0.031142 0.030743
0 0.921280 0.763877 0.038062 0.052092
0 0.442474 0.912468 0.020761 0.045260
0 0.472967 0.980359 0.038495 0.023911
0 0.600779 0.976089 0.038927 0.037575
0 0.661548 0.921862 0.036765 0.028181
0 0.669983 0.956020 0.037197 0.024765
0 0.089317 0.515798 0.040225 0.054654
0 0.029196 0.336892 0.024654 0.064048
0 0.319420 0.342442 0.033304 0.037575
0 0.347535 0.323655 0.022924 0.046114
0 0.423875 0.443211 0.039792 0.037575
0 0.453287 0.466268 0.030277 0.030743
0 0.569637 0.503843 0.019031 0.040991
0 0.293901 0.852263 0.028979 0.035867
0 0.171064 0.854398 0.029844 0.031597
0 0.152249 0.822801 0.042388 0.031597
0 0.082829 0.870623 0.025519 0.029889
0 0.973832 0.951324 0.035035 0.039283
0 0.984862 0.969684 0.027682 0.036721
0 0.056661 0.494022 0.025087 0.040137
0 0.98291015625 0.81005859375 0.0263671875 0.0458984375
0 0.712890625 0.6123046875 0.052734375 0.037109375
0 0.7197265625 0.642578125 0.0234375 0.015625
1 0.6884765625 0.09033203125 0.0390625 0.0517578125
1 0.7080078125 0.12451171875 0.02734375 0.0498046875
1 0.70458984375 0.14990234375 0.0341796875 0.0458984375
1 0.654296875 0.1767578125 0.03125 0.04296875
1 0.68017578125 0.16845703125 0.0205078125 0.0439453125
1 0.6953125 0.17041015625 0.021484375 0.0380859375
1 0.68505859375 0.1953125 0.0205078125 0.0234375
1 0.68994140625 0.2216796875 0.0341796875 0.029296875
1 0.7099609375 0.193359375 0.01953125 0.02734375
1 0.73583984375 0.18212890625 0.0224609375 0.0380859375
1 0.73388671875 0.20263671875 0.0224609375 0.0498046875
0 0.20703125 0.759765625 0.046875 0.033203125
0 0.146484375 0.6875 0.044921875 0.04296875
0 0.1953125 0.64208984375 0.025390625 0.0302734375
0 0.13134765625 0.57958984375 0.0400390625 0.0595703125
0 0.267578125 0.3837890625 0.04296875 0.037109375
0 0.36767578125 0.41162109375 0.0400390625 0.0400390625
0 0.41357421875 0.38134765625 0.0361328125 0.0302734375
0 0.47119140625 0.31494140625 0.0419921875 0.0517578125
0 0.3701171875 0.501953125 0.05078125 0.052734375
0 0.58837890625 0.78173828125 0.0322265625 0.0322265625
0 0.75732421875 0.59326171875 0.0263671875 0.0498046875
0 0.7392578125 0.59228515625 0.03125 0.0302734375
0 0.77490234375 0.51806640625 0.0302734375 0.0244140625
0 0.83447265625 0.5283203125 0.0341796875 0.02734375
0 0.6767578125 0.46435546875 0.03515625 0.0400390625
0 0.64697265625 0.36767578125 0.0458984375 0.0380859375
0 0.5712890625 0.3330078125 0.046875 0.05078125
0 0.560546875 0.296875 0.037109375 0.0234375
0 0.58984375 0.244140625 0.037109375 0.03125
0 0.56640625 0.16015625 0.044921875 0.048828125
0 0.52685546875 0.06689453125 0.0302734375 0.0224609375
0 0.453125 0.1640625 0.04296875 0.0703125
0 0.4677734375 0.06494140625 0.04296875 0.0341796875
0 0.46875 0.091796875 0.0625 0.03515625
0 0.29345703125 0.11962890625 0.0458984375 0.0576171875
0 0.28369140625 0.04150390625 0.0126953125 0.0224609375
0 0.28173828125 0.07080078125 0.0400390625 0.0263671875
0 0.22509765625 0.29443359375 0.0537109375 0.0458984375
0 0.22119140625 0.2275390625 0.0166015625 0.017578125
0 0.2138671875 0.24609375 0.02734375 0.017578125
0 0.201171875 0.2744140625 0.029296875 0.03515625
0 0.06494140625 0.224609375 0.0283203125 0.04296875
0 0.0859375 0.20703125 0.033203125 0.03515625
0 0.076171875 0.3466796875 0.04296875 0.03515625
1 0.7734375 0.22412109375 0.037109375 0.0341796875
1 0.775390625 0.20166015625 0.03515625 0.0400390625
0 0.79345703125 0.1005859375 0.0419921875 0.037109375
0 0.841796875 0.03466796875 0.017578125 0.0283203125
0 0.85546875 0.06689453125 0.052734375 0.0361328125
0 0.86181640625 0.1796875 0.0126953125 0.02734375
0 0.82958984375 0.27587890625 0.0166015625 0.0380859375
0 0.87939453125 0.3359375 0.0224609375 0.0390625
0 0.85791015625 0.33349609375 0.0263671875 0.0498046875
0 0.88720703125 0.89453125 0.0302734375 0.033203125
0 0.939453125 0.8876953125 0.048828125 0.0390625
0 0.939453125 0.9140625 0.044921875 0.029296875
0 0.4365234375 0.6171875 0.037109375 0.03515625
0 0.28955078125 0.6796875 0.0205078125 0.03125
