0 0.545199 0.251067 0.025519 0.064902
0 0.525303 0.247225 0.037630 0.062340
0 0.474913 0.830487 0.045848 0.060632
0 0.304498 0.870623 0.049308 0.040137
0 0.604455 0.886422 0.044550 0.059778
0 0.814230 0.759180 0.035900 0.052946
0 0.974265 0.821093 0.044550 0.052092
0 0.930580 0.532451 0.039360 0.053800
0 0.764057 0.522630 0.037630 0.040991
0 0.783953 0.478651 0.027249 0.033305
0 0.914144 0.733988 0.043685 0.069172
0 0.891436 0.855252 0.028547 0.062340
0 0.755623 0.625961 0.040657 0.029035
0 0.735727 0.574722 0.043253 0.034159
0 0.673875 0.585824 0.031142 0.030743
0 0.665441 0.625534 0.017734 0.052092
0 0.652465 0.669513 0.022059 0.037575
0 0.611592 0.592656 0.030277 0.052946
0 0.586721 0.545260 0.041955 0.036721
0 0.562067 0.478651 0.050606 0.045260
0 0.493945 0.498719 0.041522 0.042699
0 0.618512 0.980786 0.044983 0.029889
0 0.282007 0.814261 0.026817 0.050384
0 0.187716 0.824509 0.022491 0.041845
0 0.233780 0.815115 0.024654 0.031597
0 0.295848 0.664816 0.037197 0.031597
0 0.264922 0.626815 0.040225 0.034159
0 0.249784 0.643040 0.023789 0.039283
0 0.391869 0.576430 0.031142 0.030743
0 0.536116 0.676345 0.039360 0.039283
0 0.182958 0.491887 0.028547 0.029035
0 0.111592 0.391973 0.042388 0.030743
0 0.143599 0.484202 0.038062 0.047822
0 0.088019 0.561486 0.034170 0.038429
0 0.120458 0.179761 0.048875 0.033305
0 0.152898 0.164816 0.040225 0.058070
0 0.182310 0.240820 0.028979 0.039283
0 0.207612 0.252348 0.036332 0.031597
0 0.123486 0.070880 0.026384 0.044406
0 0.673010 0.045260 0.022491 0.034159
0 0.692042 0.045260 0.019896 0.030743
0 0.299957 0.585824 0.034170 0.046114
0 0.498486 0.889838 0.027249 0.051238
0 0.700043 0.713493 0.035035 0.038429
0 0.975130 0.614859 0.046280 0.034159
0 0.604022 0.271990 0.028114 0.033305
0 0.56201171875 0.89453125 0.0380859375 0.0546875
1 0.95263671875 0.21875 0.0458984375 0.0390625
1 0.89404296875 0.2421875 0.0361328125 0.037109375
1 0.81298828125 0.2626953125 0.0361328125 0.048828125
1 0.77294921875 0.2568359375 0.0419921875 0.052734375
1 0.79833984375 0.302734375 0.0537109375 0.03125
1 0.79052734375 0.33056640625 0.0400390625 0.0419921875
1 0.84326171875 0.30908203125 0.0439453125 0.0361328125
1 0.869140625 0.2734375 0.048828125 0.037109375
1 0.92822265625 0.2705078125 0.0341796875 0.03125
1 0.9150390625 0.26806640625 0.01953125 0.0361328125
1 0.9521484375 0.31103515625 0.03125 0.0478515625
1 0.8935546875 0.2978515625 0.0390625 0.029296875
1 0.8798828125 0.33544921875 0.04296875 0.0341796875
1 0.91845703125 0.32666015625 0.0302734375 0.0263671875
1 0.931640625 0.3427734375 0.048828125 0.02734375
1 0.92333984375 0.3544921875 0.0478515625 0.033203125
1 0.201171875 0.3369140625 0.048828125 0.037109375
1 0.2001953125 0.3525390625 0.02734375 0.044921875
1 0.2294921875 0.306640625 0.03125 0.029296875
1 0.2412109375 0.337890625 0.029296875 0.048828125
1 0.2646484375 0.36474609375 0.03125 0.0361328125
0 0.03955078125 0.05126953125 0.0478515625 0.0439453125
0 0.02685546875 0.19580078125 0.0283203125 0.0322265625
0 0.01953125 0.26220703125 0.01171875 0.0322265625
0 0.0205078125 0.32861328125 0.017578125 0.0380859375
0 0.029296875 0.4638671875 0.029296875 0.0390625
0 0.0224609375 0.54443359375 0.017578125 0.0576171875
0 0.03955078125 0.6416015625 0.0439453125 0.03125
0 0.05224609375 0.65771484375 0.0263671875 0.0224609375
0 0.0654296875 0.73486328125 0.04296875 0.0517578125
0 0.1064453125 0.689453125 0.0390625 0.05859375
0 0.048828125 0.81689453125 0.021484375 0.0322265625
0 0.068359375 0.85791015625 0.05078125 0.0478515625
0 0.09521484375 0.9248046875 0.0302734375 0.033203125
0 0.12744140625 0.89892578125 0.0341796875 0.0283203125
0 0.24560546875 0.896484375 0.0400390625 0.03125
0 0.31689453125 0.9814453125 0.0380859375 0.021484375
0 0.3076171875 0.5068359375 0.02734375 0.03515625
0 0.37890625 0.50048828125 0.048828125 0.0478515625
0 0.44091796875 0.52099609375 0.0478515625 0.0537109375
0 0.427734375 0.1748046875 0.04296875 0.03125
0 0.4736328125 0.16064453125 0.0234375 0.0498046875
0 0.326171875 0.0537109375 0.044921875 0.03515625
0 0.64990234375 0.080078125 0.0341796875 0.0390625
0 0.93798828125 0.03759765625 0.0400390625 0.0400390625
0 0.91845703125 0.10546875 0.0166015625 0.037109375
0 0.8388671875 0.43408203125 0.02734375 0.0458984375
0 0.85009765625 0.4853515625 0.0283203125 0.03125
0 0.861328125 0.51025390625 0.029296875 0.0283203125
0 0.73681640625 0.45556640625 0.0419921875 0.0400390625
0 0.75048828125 0.47314453125 0.0244140625 0.0205078125
0 0.5986328125 0.78759765625 0.0234375 0.0341796875
0 0.62060546875 0.40869140625 0.0361328125 0.0361328125
0 0.24560546875 0.44580078125 0.0263671875 0.0263671875
0 0.18603515625 0.67333984375 0.0517578125 0.0517578125
0 0.4580078125 0.6259765625 0.037109375 0.080078125
1 0.27783203125 0.31787109375 0.0419921875 0.0361328125
1 0.29443359375 0.3623046875 0.0361328125 0.048828125
1 0.31494140625 0.3603515625 0.0439453125 0.02734375
1 0.291015625 0.40576171875 0.021484375 0.0361328125
0 0.37841796875 0.37939453125 0.0322265625 0.0458984375
0 0.3564453125 0.390625 0.037109375 0.021484375
