0 0.31201171875 0.23291015625 0.0205078125 0.0263671875
0 0.30078125 0.34228515625 0.021484375 0.0302734375
0 0.1640625 0.41455078125 0.02734375 0.0263671875
0 0.078125 0.52978515625 0.0234375 0.0283203125
0 0.17724609375 0.533203125 0.0302734375 0.017578125
0 0.18798828125 0.548828125 0.0224609375 0.03125
0 0.14013671875 0.58740234375 0.0224609375 0.0263671875
0 0.1669921875 0.69140625 0.02734375 0.025390625
0 0.25927734375 0.57177734375 0.0205078125 0.0302734375
0 0.34814453125 0.60888671875 0.0205078125 0.0263671875
0 0.3173828125 0.841796875 0.021484375 0.02734375
0 0.34716796875 0.83203125 0.0224609375 0.033203125
0 0.3818359375 0.48486328125 0.025390625 0.0263671875
0 0.3876953125 0.5224609375 0.02734375 0.037109375
0 0.44287109375 0.44189453125 0.0205078125 0.0263671875
0 0.54736328125 0.35693359375 0.0244140625 0.0263671875
0 0.61669921875 0.15185546875 0.0185546875 0.0322265625
0 0.58544921875 0.23046875 0.0244140625 0.021484375
0 0.59326171875 0.26171875 0.0244140625 0.0234375
0 0.693359375 0.27294921875 0.021484375 0.0283203125
0 0.740234375 0.21630859375 0.021484375 0.0244140625
0 0.79296875 0.06640625 0.01953125 0.025390625
0 0.9423828125 0.1533203125 0.021484375 0.021484375
0 0.9619140625 0.47509765625 0.021484375 0.0263671875
0 0.83447265625 0.33984375 0.0244140625 0.025390625
0 0.73486328125 0.49609375 0.0244140625 0.033203125
0 0.81103515625 0.48681640625 0.0244140625 0.0283203125
0 0.794921875 0.57177734375 0.021484375 0.0263671875
0 0.85205078125 0.4833984375 0.0205078125 0.021484375
0 0.8564453125 0.5009765625 0.015625 0.021484375
0 0.87109375 0.50537109375 0.017578125 0.0302734375
0 0.71435546875 0.65673828125 0.0224609375 0.0244140625
0 0.716796875 0.9072265625 0.021484375 0.02734375
0 0.931640625 0.9833984375 0.021484375 0.021484375
0 0.83203125 0.8623046875 0.025390625 0.021484375
0 0.7509765625 0.669921875 0.017578125 0.01953125
0 0.0078125 0.9482421875 0.015625 0.02734375
