0 0.61376953125 0.35009765625 0.0478515625 0.0556640625
0 0.580078125 0.3662109375 0.0390625 0.052734375
0 0.5439453125 0.3466796875 0.0546875 0.03515625
0 0.54296875 0.3740234375 0.029296875 0.037109375
0 0.447265625 0.36865234375 0.041015625 0.0478515625
0 0.4912109375 0.3798828125 0.044921875 0.056640625
0 0.52294921875 0.39794921875 0.0322265625 0.0380859375
0 0.49853515625 0.439453125 0.0419921875 0.04296875
0 0.78125 0.7314453125 0.037109375 0.0546875
0 0.8349609375 0.74853515625 0.05078125 0.0517578125
0 0.80322265625 0.771484375 0.0322265625 0.05078125
0 0.8271484375 0.7978515625 0.0234375 0.04296875
0 0.87353515625 0.77001953125 0.0478515625 0.0478515625
0 0.8662109375 0.80615234375 0.03125 0.0380859375
0 0.8505859375 0.837890625 0.029296875 0.048828125
0 0.8740234375 0.8359375 0.021484375 0.03515625
0 0.90771484375 0.87353515625 0.0419921875 0.0478515625
0 0.90283203125 0.81005859375 0.0419921875 0.0458984375
