0 0.4521484375 0.74609375 0.064453125 0.052734375
0 0.59228515625 0.59765625 0.0478515625 0.03125
0 0.73486328125 0.70361328125 0.0341796875 0.0400390625
0 0.70166015625 0.67724609375 0.0478515625 0.0302734375
0 0.669921875 0.68359375 0.03125 0.033203125
0 0.6259765625 0.62548828125 0.03125 0.0322265625
0 0.63134765625 0.57958984375 0.0302734375 0.0302734375
0 0.65966796875 0.56494140625 0.0322265625 0.0302734375
0 0.703125 0.58349609375 0.05859375 0.0380859375
0 0.67431640625 0.61376953125 0.0400390625 0.0380859375
0 0.77001953125 0.7412109375 0.0439453125 0.04296875
0 0.72216796875 0.75244140625 0.0283203125 0.0400390625
0 0.52099609375 0.8310546875 0.0498046875 0.048828125
0 0.67529296875 0.77490234375 0.0458984375 0.0419921875
0 0.65087890625 0.658203125 0.0458984375 0.029296875
0 0.77294921875 0.6591796875 0.0537109375 0.03125
0 0.60595703125 0.68701171875 0.0400390625 0.0361328125
0 0.65380859375 0.71435546875 0.0517578125 0.0322265625
0 0.69287109375 0.88330078125 0.0537109375 0.0458984375
0 0.64208984375 0.8408203125 0.0361328125 0.033203125
0 0.59521484375 0.82275390625 0.0458984375 0.0322265625
0 0.64013671875 0.8798828125 0.0439453125 0.02734375
0 0.59326171875 0.7529296875 0.0537109375 0.044921875
0 0.56689453125 0.673828125 0.0380859375 0.044921875
0 0.51416015625 0.75927734375 0.0439453125 0.0400390625
0 0.51220703125 0.7060546875 0.0517578125 0.041015625
0 0.63916015625 0.74609375 0.0498046875 0.044921875
0 0.13037109375 0.3740234375 0.0419921875 0.052734375
0 0.1484375 0.41015625 0.046875 0.0703125
0 0.10302734375 0.40771484375 0.0302734375 0.0419921875
0 0.1337890625 0.44384765625 0.0546875 0.0693359375
0 0.0927734375 0.443359375 0.03125 0.05859375
0 0.0732421875 0.4375 0.03125 0.041015625
0 0.1806640625 0.455078125 0.02734375 0.05859375
0 0.17333984375 0.4755859375 0.0224609375 0.078125
0 0.138671875 0.490234375 0.052734375 0.041015625
0 0.2861328125 0.90625 0.03515625 0.0625
0 0.26708984375 0.91748046875 0.0478515625 0.0615234375
0 0.2626953125 0.962890625 0.048828125 0.046875
0 0.1611328125 0.892578125 0.03515625 0.048828125
0 0.1630859375 0.93603515625 0.033203125 0.0380859375
0 0.1630859375 0.96240234375 0.03515625 0.0419921875
0 0.20166015625 0.90478515625 0.0419921875 0.0732421875
0 0.2099609375 0.9541015625 0.0546875 0.05859375
0 0.54345703125 0.69873046875 0.0419921875 0.0556640625
