0 0.55615234375 0.10498046875 0.0341796875 0.0439453125
0 0.58740234375 0.10302734375 0.0439453125 0.0498046875
0 0.56103515625 0.1435546875 0.0361328125 0.0390625
0 0.5830078125 0.16259765625 0.037109375 0.0439453125
0 0.61376953125 0.1328125 0.0478515625 0.0546875
0 0.61474609375 0.17431640625 0.0361328125 0.0478515625
0 0.6328125 0.18701171875 0.052734375 0.0498046875
0 0.73974609375 0.91259765625 0.0380859375 0.0458984375
0 0.712890625 0.91650390625 0.029296875 0.0419921875
0 0.69970703125 0.90869140625 0.0380859375 0.0478515625
0 0.6787109375 0.90185546875 0.01953125 0.0361328125
0 0.67041015625 0.92529296875 0.0244140625 0.0556640625
0 0.67822265625 0.95703125 0.0322265625 0.048828125
0 0.705078125 0.93701171875 0.025390625 0.0439453125
0 0.732421875 0.96826171875 0.048828125 0.0302734375
0 0.7041015625 0.96923828125 0.03515625 0.0205078125
