0 0.09716796875 0.07763671875 0.0400390625 0.0205078125
0 0.1650390625 0.05810546875 0.04296875 0.0654296875
0 0.11328125 0.123046875 0.046875 0.037109375
0 0.14208984375 0.09912109375 0.0380859375 0.0341796875
0 0.185546875 0.09423828125 0.0390625 0.0380859375
0 0.1650390625 0.13720703125 0.03515625 0.0361328125
0 0.1865234375 0.1279296875 0.02734375 0.041015625
0 0.42041015625 0.33984375 0.0439453125 0.052734375
0 0.40625 0.35888671875 0.029296875 0.0498046875
0 0.46044921875 0.31298828125 0.0419921875 0.0419921875
0 0.46142578125 0.3515625 0.0341796875 0.056640625
0 0.45361328125 0.38427734375 0.0361328125 0.0517578125
0 0.50146484375 0.359375 0.0458984375 0.05078125
0 0.50341796875 0.39794921875 0.0400390625 0.0478515625
0 0.54150390625 0.37841796875 0.0419921875 0.0439453125
0 0.5380859375 0.412109375 0.046875 0.033203125
0 0.93310546875 0.0361328125 0.0400390625 0.052734375
0 0.89453125 0.04052734375 0.041015625 0.0361328125
0 0.94384765625 0.08642578125 0.0361328125 0.0478515625
0 0.9072265625 0.0703125 0.048828125 0.05078125
0 0.9208984375 0.10986328125 0.046875 0.0283203125
0 0.85546875 0.08544921875 0.029296875 0.0244140625
0 0.880859375 0.1064453125 0.04296875 0.044921875
0 0.86572265625 0.12255859375 0.0302734375 0.0341796875
0 0.8701171875 0.1435546875 0.0390625 0.037109375
