0 0.880859375 0.37255859375 0.017578125 0.0205078125
0 0.87060546875 0.38818359375 0.0126953125 0.0185546875
0 0.89697265625 0.38916015625 0.0185546875 0.0205078125
0 0.90673828125 0.40087890625 0.0224609375 0.0205078125
0 0.9169921875 0.4091796875 0.0234375 0.02734375
0 0.8779296875 0.41650390625 0.009765625 0.0205078125
0 0.86181640625 0.41650390625 0.0126953125 0.0224609375
0 0.85888671875 0.4287109375 0.0146484375 0.017578125
0 0.85498046875 0.43603515625 0.0166015625 0.0244140625
0 0.13818359375 0.67138671875 0.0146484375 0.0146484375
0 0.13916015625 0.6826171875 0.0126953125 0.015625
0 0.11962890625 0.671875 0.0146484375 0.013671875
0 0.126953125 0.69189453125 0.017578125 0.0185546875
0 0.1142578125 0.6865234375 0.005859375 0.025390625
0 0.09619140625 0.67431640625 0.0205078125 0.0166015625
0 0.1083984375 0.677734375 0.01171875 0.01953125
0 0.09716796875 0.68896484375 0.0126953125 0.0146484375
0 0.10205078125 0.70068359375 0.0166015625 0.0185546875
0 0.08935546875 0.708984375 0.0166015625 0.01953125
