0 0.306640625 0.21826171875 0.021484375 0.0244140625
0 0.302734375 0.16162109375 0.021484375 0.0205078125
0 0.28173828125 0.14990234375 0.0224609375 0.0205078125
0 0.2763671875 0.1259765625 0.015625 0.021484375
0 0.26123046875 0.1435546875 0.0185546875 0.015625
0 0.2529296875 0.0927734375 0.01953125 0.015625
0 0.2431640625 0.0771484375 0.025390625 0.021484375
0 0.22607421875 0.0908203125 0.0224609375 0.0234375
0 0.2158203125 0.10009765625 0.02734375 0.0185546875
0 0.21875 0.11279296875 0.025390625 0.0224609375
0 0.9638671875 0.41650390625 0.03125 0.0322265625
0 0.9765625 0.41943359375 0.029296875 0.0341796875
0 0.9755859375 0.44091796875 0.013671875 0.0419921875
0 0.9755859375 0.44775390625 0.0234375 0.0205078125
0 0.9677734375 0.4716796875 0.02734375 0.037109375
0 0.94921875 0.45263671875 0.033203125 0.0185546875
0 0.93994140625 0.46875 0.0244140625 0.041015625
0 0.31884765625 0.18310546875 0.0166015625 0.0302734375
0 0.2802734375 0.22314453125 0.03515625 0.0302734375
