0 0.6884765625 0.09033203125 0.0390625 0.0517578125
0 0.7080078125 0.12451171875 0.02734375 0.0498046875
0 0.70458984375 0.14990234375 0.0341796875 0.0458984375
0 0.654296875 0.1767578125 0.03125 0.04296875
0 0.68017578125 0.16845703125 0.0205078125 0.0439453125
0 0.6953125 0.17041015625 0.021484375 0.0380859375
0 0.68505859375 0.1953125 0.0205078125 0.0234375
0 0.68994140625 0.2216796875 0.0341796875 0.029296875
0 0.7099609375 0.193359375 0.01953125 0.02734375
0 0.73583984375 0.18212890625 0.0224609375 0.0380859375
0 0.73388671875 0.20263671875 0.0224609375 0.0498046875
