0 0.22314453125 0.87060546875 0.0224609375 0.0302734375
0 0.201171875 0.8701171875 0.021484375 0.029296875
0 0.20263671875 0.85009765625 0.0126953125 0.0263671875
0 0.208984375 0.83837890625 0.017578125 0.0263671875
0 0.19775390625 0.8291015625 0.0146484375 0.03515625
0 0.1865234375 0.84375 0.0234375 0.021484375
0 0.80029296875 0.6630859375 0.0302734375 0.029296875
0 0.7880859375 0.68994140625 0.01953125 0.0302734375
0 0.78515625 0.67041015625 0.025390625 0.0263671875
0 0.7734375 0.671875 0.025390625 0.029296875
0 0.765625 0.68603515625 0.017578125 0.0263671875
0 0.765625 0.6494140625 0.021484375 0.029296875
0 0.75390625 0.66162109375 0.009765625 0.0302734375
0 0.7431640625 0.6650390625 0.015625 0.033203125
0 0.740234375 0.67529296875 0.017578125 0.0380859375
