0 0.53662109375 0.0849609375 0.0302734375 0.044921875
0 0.455078125 0.09716796875 0.041015625 0.0361328125
0 0.4345703125 0.14111328125 0.0390625 0.0517578125
0 0.4609375 0.16064453125 0.033203125 0.0419921875
0 0.48291015625 0.115234375 0.0302734375 0.03125
0 0.5419921875 0.14599609375 0.0234375 0.0439453125
0 0.5263671875 0.1240234375 0.01953125 0.033203125
0 0.51318359375 0.12744140625 0.0224609375 0.0283203125
0 0.49169921875 0.1494140625 0.0380859375 0.04296875
0 0.50390625 0.19189453125 0.0390625 0.0498046875
