0 0.6513671875 0.04345703125 0.046875 0.0283203125
0 0.6162109375 0.033203125 0.04296875 0.033203125
0 0.5537109375 0.0390625 0.03125 0.033203125
0 0.56982421875 0.05712890625 0.0517578125 0.0244140625
0 0.57373046875 0.09423828125 0.0439453125 0.0498046875
0 0.61376953125 0.09912109375 0.0361328125 0.0498046875
0 0.2861328125 0.48583984375 0.04296875 0.0439453125
0 0.2314453125 0.51220703125 0.0390625 0.0263671875
0 0.25390625 0.52197265625 0.048828125 0.0576171875
0 0.22021484375 0.546875 0.0224609375 0.052734375
0 0.2392578125 0.57080078125 0.05078125 0.0556640625
0 0.31884765625 0.5068359375 0.0341796875 0.037109375
0 0.28564453125 0.52978515625 0.0380859375 0.0478515625
