0 0.654296875 0.552734375 0.048828125 0.0546875
0 0.671875 0.59521484375 0.04296875 0.0439453125
0 0.6201171875 0.59033203125 0.046875 0.0361328125
0 0.6455078125 0.6201171875 0.05078125 0.0390625
0 0.60693359375 0.63671875 0.0537109375 0.048828125
0 0.64208984375 0.6552734375 0.0458984375 0.0390625
0 0.55419921875 0.6650390625 0.0380859375 0.052734375
0 0.583984375 0.68310546875 0.048828125 0.0537109375
0 0.63330078125 0.69970703125 0.0556640625 0.0439453125
0 0.63525390625 0.73388671875 0.0517578125 0.0556640625
