0 0.93212890625 0.7939453125 0.0146484375 0.025390625
0 0.95263671875 0.7998046875 0.0205078125 0.0234375
0 0.92431640625 0.8056640625 0.0146484375 0.02734375
0 0.912109375 0.8193359375 0.013671875 0.029296875
0 0.92822265625 0.8271484375 0.0205078125 0.025390625
0 0.95361328125 0.82421875 0.0244140625 0.02734375
0 0.95166015625 0.83544921875 0.0146484375 0.0322265625
0 0.9697265625 0.845703125 0.015625 0.015625
0 0.95458984375 0.84765625 0.0205078125 0.029296875
0 0.546875 0.41845703125 0.0234375 0.0244140625
0 0.544921875 0.39013671875 0.021484375 0.0458984375
0 0.53076171875 0.3857421875 0.0224609375 0.015625
0 0.51708984375 0.37939453125 0.0205078125 0.0263671875
0 0.49462890625 0.38427734375 0.0205078125 0.0166015625
0 0.48779296875 0.40185546875 0.0185546875 0.0224609375
0 0.49658203125 0.412109375 0.0146484375 0.021484375
0 0.51025390625 0.3984375 0.0224609375 0.01953125
0 0.52490234375 0.40869140625 0.0244140625 0.0166015625
0 0.5126953125 0.42236328125 0.017578125 0.0263671875
0 0.666015625 0.88525390625 0.021484375 0.0166015625
0 0.59619140625 0.85302734375 0.0107421875 0.0302734375
0 0.6103515625 0.86572265625 0.01953125 0.0205078125
0 0.6328125 0.86962890625 0.0234375 0.0224609375
0 0.650390625 0.88427734375 0.021484375 0.0166015625
0 0.6083984375 0.88525390625 0.01953125 0.0185546875
0 0.59326171875 0.88916015625 0.0126953125 0.0263671875
0 0.64306640625 0.90771484375 0.0146484375 0.0185546875
0 0.62890625 0.8916015625 0.013671875 0.013671875
0 0.6171875 0.91357421875 0.021484375 0.0205078125
0 0.6337890625 0.91943359375 0.02734375 0.0205078125
