0 0.455078125 0.3349609375 0.013671875 0.03515625
0 0.46044921875 0.35107421875 0.0146484375 0.0322265625
0 0.474609375 0.34375 0.017578125 0.02734375
0 0.494140625 0.3369140625 0.021484375 0.03125
0 0.51416015625 0.34326171875 0.0126953125 0.0283203125
0 0.517578125 0.35009765625 0.021484375 0.0224609375
0 0.4716796875 0.3662109375 0.01953125 0.02734375
0 0.4892578125 0.36474609375 0.015625 0.0263671875
0 0.5048828125 0.3603515625 0.017578125 0.025390625
0 0.50927734375 0.37158203125 0.0185546875 0.0302734375
0 0.41552734375 0.6015625 0.0244140625 0.03125
0 0.3447265625 0.6005859375 0.01953125 0.0234375
0 0.39990234375 0.60546875 0.0107421875 0.0234375
0 0.38720703125 0.60595703125 0.0166015625 0.0224609375
0 0.36962890625 0.59814453125 0.0166015625 0.0166015625
0 0.341796875 0.62158203125 0.021484375 0.0263671875
0 0.35546875 0.63623046875 0.017578125 0.0224609375
0 0.36328125 0.6162109375 0.017578125 0.01953125
0 0.4189453125 0.61962890625 0.01953125 0.0146484375
0 0.412109375 0.63134765625 0.021484375 0.0146484375
0 0.40869140625 0.640625 0.0205078125 0.021484375
0 0.38330078125 0.63818359375 0.0224609375 0.0166015625
0 0.37451171875 0.6455078125 0.0224609375 0.0234375
0 0.3935546875 0.6455078125 0.0234375 0.021484375
