0 0.7841796875 0.52880859375 0.015625 0.0185546875
0 0.802734375 0.54345703125 0.025390625 0.0224609375
0 0.787109375 0.5693359375 0.02734375 0.025390625
0 0.77294921875 0.552734375 0.0166015625 0.01953125
0 0.7568359375 0.52392578125 0.01953125 0.0166015625
0 0.751953125 0.54296875 0.021484375 0.025390625
0 0.7431640625 0.55517578125 0.03125 0.0341796875
0 0.73388671875 0.58544921875 0.0263671875 0.0185546875
0 0.7451171875 0.59765625 0.03125 0.029296875
0 0.623046875 0.60693359375 0.025390625 0.0263671875
0 0.6259765625 0.62548828125 0.03125 0.0263671875
0 0.61572265625 0.6455078125 0.0224609375 0.029296875
0 0.59912109375 0.63623046875 0.0283203125 0.0244140625
0 0.90478515625 0.65087890625 0.0205078125 0.0302734375
0 0.87939453125 0.6416015625 0.0244140625 0.017578125
0 0.88232421875 0.65869140625 0.0263671875 0.0244140625
0 0.86328125 0.6611328125 0.013671875 0.025390625
0 0.8642578125 0.673828125 0.015625 0.025390625
0 0.8798828125 0.6845703125 0.0234375 0.0234375
