0 0.53076171875 0.07421875 0.0458984375 0.044921875
0 0.44677734375 0.0859375 0.0244140625 0.03125
0 0.474609375 0.0693359375 0.029296875 0.0390625
0 0.453125 0.1064453125 0.033203125 0.037109375
0 0.435546875 0.13232421875 0.02734375 0.0380859375
0 0.42333984375 0.1552734375 0.0419921875 0.017578125
0 0.4140625 0.18603515625 0.052734375 0.0263671875
0 0.5146484375 0.1064453125 0.03125 0.037109375
0 0.48779296875 0.107421875 0.0322265625 0.0234375
0 0.4931640625 0.13525390625 0.015625 0.0439453125
0 0.4755859375 0.14892578125 0.0234375 0.0302734375
0 0.5029296875 0.1484375 0.03125 0.03125
