0 0.84375 0.298828125 0.021484375 0.025390625
0 0.83544921875 0.28564453125 0.0185546875 0.0283203125
0 0.82421875 0.283203125 0.01171875 0.0234375
0 0.81787109375 0.32373046875 0.0224609375 0.0302734375
0 0.8115234375 0.30322265625 0.01953125 0.0263671875
0 0.8115234375 0.28955078125 0.0234375 0.0224609375
0 0.7998046875 0.2744140625 0.01953125 0.029296875
0 0.8330078125 0.51123046875 0.0234375 0.0166015625
0 0.8232421875 0.5205078125 0.01953125 0.017578125
0 0.814453125 0.5283203125 0.021484375 0.017578125
0 0.8359375 0.54296875 0.021484375 0.025390625
0 0.81982421875 0.55712890625 0.0244140625 0.0244140625
0 0.8173828125 0.54345703125 0.01953125 0.0205078125
0 0.80029296875 0.54736328125 0.0166015625 0.0185546875
0 0.7890625 0.56591796875 0.013671875 0.0244140625
0 0.3310546875 0.34326171875 0.01953125 0.0419921875
0 0.31201171875 0.34423828125 0.0244140625 0.0283203125
0 0.29638671875 0.35595703125 0.0244140625 0.0224609375
0 0.28125 0.35302734375 0.013671875 0.0244140625
0 0.27490234375 0.36865234375 0.0166015625 0.0263671875
