0 0.92919921875 0.1357421875 0.0400390625 0.048828125
0 0.958984375 0.13232421875 0.033203125 0.0458984375
0 0.8720703125 0.2109375 0.0390625 0.037109375
0 0.85009765625 0.21044921875 0.0322265625 0.0478515625
0 0.8818359375 0.24658203125 0.04296875 0.0556640625
0 0.84033203125 0.24951171875 0.0478515625 0.0556640625
0 0.93017578125 0.22119140625 0.0361328125 0.0478515625
0 0.94677734375 0.240234375 0.0263671875 0.05859375
0 0.9765625 0.20166015625 0.029296875 0.0615234375
0 0.9091796875 0.0458984375 0.04296875 0.033203125
0 0.93212890625 0.0537109375 0.0361328125 0.048828125
0 0.77880859375 0.1806640625 0.0283203125 0.052734375
0 0.7548828125 0.138671875 0.0390625 0.056640625
0 0.77392578125 0.11474609375 0.0322265625 0.0361328125
0 0.76953125 0.24853515625 0.037109375 0.0400390625
0 0.7685546875 0.2861328125 0.03515625 0.046875
0 0.7333984375 0.28173828125 0.04296875 0.0380859375
0 0.615234375 0.11865234375 0.041015625 0.0263671875
0 0.62451171875 0.1337890625 0.0361328125 0.03125
0 0.6240234375 0.0615234375 0.0390625 0.041015625
0 0.64990234375 0.0732421875 0.0341796875 0.052734375
0 0.6708984375 0.04833984375 0.033203125 0.0458984375
0 0.52392578125 0.31494140625 0.0478515625 0.0302734375
0 0.5361328125 0.33935546875 0.0546875 0.0439453125
0 0.50390625 0.37158203125 0.041015625 0.0380859375
0 0.5205078125 0.39599609375 0.046875 0.0458984375
0 0.95361328125 0.6533203125 0.0302734375 0.056640625
0 0.97265625 0.666015625 0.029296875 0.0625
0 0.97265625 0.7275390625 0.02734375 0.04296875
0 0.97705078125 0.7578125 0.0263671875 0.052734375
0 0.9287109375 0.73291015625 0.0390625 0.0439453125
0 0.90625 0.73095703125 0.033203125 0.0595703125
0 0.87109375 0.71826171875 0.041015625 0.0537109375
0 0.89599609375 0.7587890625 0.0400390625 0.060546875
0 0.85693359375 0.7841796875 0.0478515625 0.029296875
0 0.841796875 0.75244140625 0.037109375 0.0517578125
0 0.80908203125 0.8232421875 0.0322265625 0.052734375
0 0.76953125 0.81884765625 0.03515625 0.0361328125
0 0.798828125 0.8359375 0.033203125 0.04296875
0 0.72119140625 0.9091796875 0.0361328125 0.05859375
0 0.7109375 0.9208984375 0.03515625 0.044921875
0 0.7041015625 0.8583984375 0.041015625 0.044921875
0 0.68017578125 0.81982421875 0.0419921875 0.0537109375
0 0.69482421875 0.87109375 0.0283203125 0.0390625
0 0.85986328125 0.94287109375 0.0361328125 0.0537109375
0 0.87109375 0.8828125 0.041015625 0.05078125
0 0.8779296875 0.876953125 0.037109375 0.025390625
0 0.8955078125 0.91357421875 0.048828125 0.0380859375
0 0.82861328125 0.91796875 0.0400390625 0.046875
0 0.8134765625 0.880859375 0.01953125 0.044921875
0 0.8330078125 0.86181640625 0.03515625 0.0400390625
0 0.81298828125 0.94482421875 0.0244140625 0.0205078125
0 0.8251953125 0.9599609375 0.037109375 0.04296875
0 0.3740234375 0.24169921875 0.04296875 0.0517578125
0 0.39208984375 0.271484375 0.0517578125 0.064453125
0 0.328125 0.1591796875 0.048828125 0.044921875
0 0.37109375 0.15185546875 0.0390625 0.0419921875
0 0.3759765625 0.17822265625 0.04296875 0.0498046875
0 0.26904296875 0.19384765625 0.0458984375 0.0458984375
0 0.2607421875 0.22802734375 0.0390625 0.0517578125
0 0.18701171875 0.189453125 0.0517578125 0.046875
0 0.21484375 0.21044921875 0.044921875 0.0341796875
0 0.1826171875 0.23193359375 0.03125 0.0615234375
0 0.12548828125 0.11767578125 0.0361328125 0.0400390625
0 0.14697265625 0.103515625 0.0263671875 0.0390625
0 0.15771484375 0.0703125 0.0400390625 0.033203125
0 0.1865234375 0.04638671875 0.04296875 0.0419921875
0 0.0859375 0.05029296875 0.041015625 0.0498046875
0 0.06396484375 0.08740234375 0.0341796875 0.0400390625
0 0.05126953125 0.12890625 0.0341796875 0.052734375
0 0.02978515625 0.0888671875 0.0302734375 0.037109375
0 0.7177734375 0.423828125 0.0390625 0.060546875
0 0.67724609375 0.41162109375 0.0439453125 0.0478515625
0 0.66552734375 0.42724609375 0.0419921875 0.0498046875
0 0.513671875 0.47265625 0.0390625 0.05859375
0 0.52197265625 0.478515625 0.0380859375 0.046875
0 0.51611328125 0.5078125 0.0498046875 0.03125
0 0.515625 0.52587890625 0.044921875 0.0263671875
0 0.5341796875 0.57958984375 0.0390625 0.0400390625
0 0.55078125 0.56298828125 0.025390625 0.0517578125
0 0.4775390625 0.56494140625 0.041015625 0.0517578125
0 0.47900390625 0.60791015625 0.0400390625 0.0556640625
0 0.50634765625 0.59521484375 0.0400390625 0.0517578125
0 0.60888671875 0.556640625 0.0380859375 0.046875
0 0.58203125 0.5517578125 0.037109375 0.0703125
0 0.08203125 0.79443359375 0.029296875 0.0478515625
0 0.0634765625 0.81201171875 0.03515625 0.0478515625
0 0.05419921875 0.86767578125 0.0439453125 0.0556640625
0 0.0673828125 0.951171875 0.0390625 0.05078125
0 0.10693359375 0.8779296875 0.0361328125 0.041015625
0 0.08837890625 0.89697265625 0.0341796875 0.0400390625
0 0.28271484375 0.8662109375 0.0361328125 0.048828125
0 0.31884765625 0.8759765625 0.0517578125 0.04296875
0 0.32421875 0.91650390625 0.052734375 0.0556640625
0 0.68310546875 0.75927734375 0.0361328125 0.0322265625
0 0.6484375 0.74853515625 0.037109375 0.0361328125
0 0.65380859375 0.771484375 0.0244140625 0.037109375
0 0.52294921875 0.69677734375 0.0341796875 0.0439453125
0 0.5068359375 0.71337890625 0.0390625 0.0439453125
0 0.4482421875 0.6630859375 0.04296875 0.037109375
0 0.46044921875 0.759765625 0.0361328125 0.0546875
0 0.43896484375 0.7666015625 0.0322265625 0.04296875
0 0.4375 0.7900390625 0.044921875 0.0390625
0 0.427734375 0.822265625 0.037109375 0.041015625
0 0.37890625 0.81787109375 0.029296875 0.0478515625
0 0.40283203125 0.8037109375 0.0322265625 0.05078125
0 0.423828125 0.853515625 0.033203125 0.060546875
0 0.3994140625 0.845703125 0.03125 0.052734375
0 0.38623046875 0.87060546875 0.0322265625 0.0380859375
0 0.7177734375 0.46533203125 0.041015625 0.0380859375
0 0.7001953125 0.49462890625 0.037109375 0.0478515625
0 0.658203125 0.46044921875 0.033203125 0.0380859375
0 0.67626953125 0.4794921875 0.0361328125 0.037109375
0 0.64013671875 0.48486328125 0.0224609375 0.0439453125
0 0.6181640625 0.4716796875 0.04296875 0.033203125
0 0.61181640625 0.49267578125 0.0478515625 0.0439453125
0 0.55517578125 0.41455078125 0.0478515625 0.0361328125
0 0.56103515625 0.47509765625 0.0478515625 0.0263671875
0 0.5546875 0.49365234375 0.044921875 0.0341796875
0 0.8076171875 0.15673828125 0.046875 0.0244140625
0 0.8046875 0.1796875 0.048828125 0.03515625
0 0.6572265625 0.138671875 0.04296875 0.056640625
0 0.37255859375 0.4345703125 0.0361328125 0.029296875
0 0.36328125 0.458984375 0.03515625 0.044921875
0 0.43359375 0.49560546875 0.037109375 0.0244140625
0 0.28857421875 0.43603515625 0.0478515625 0.0322265625
0 0.2783203125 0.40283203125 0.04296875 0.0498046875
0 0.34130859375 0.41650390625 0.0283203125 0.0380859375
0 0.33154296875 0.4365234375 0.0283203125 0.03515625
0 0.22412109375 0.84912109375 0.0439453125 0.0263671875
0 0.2177734375 0.86865234375 0.015625 0.0302734375
0 0.24072265625 0.880859375 0.0419921875 0.0546875
0 0.400390625 0.90185546875 0.044921875 0.0439453125
0 0.4453125 0.705078125 0.05078125 0.05078125
0 0.4189453125 0.5439453125 0.03515625 0.041015625
0 0.42919921875 0.51904296875 0.0400390625 0.0341796875
0 0.39599609375 0.486328125 0.0458984375 0.056640625
0 0.0556640625 0.02978515625 0.04296875 0.0302734375
0 0.02392578125 0.1298828125 0.0205078125 0.060546875
0 0.1533203125 0.02685546875 0.04296875 0.0263671875
