0 0.8466796875 0.16796875 0.021484375 0.017578125
0 0.822265625 0.15380859375 0.017578125 0.0185546875
0 0.84765625 0.19287109375 0.029296875 0.0185546875
0 0.833984375 0.17724609375 0.013671875 0.0185546875
0 0.8232421875 0.17041015625 0.015625 0.0126953125
0 0.806640625 0.16748046875 0.017578125 0.0185546875
0 0.7939453125 0.15625 0.017578125 0.015625
0 0.79052734375 0.16748046875 0.0166015625 0.0146484375
0 0.80322265625 0.18603515625 0.0263671875 0.0224609375
0 0.779296875 0.18505859375 0.013671875 0.0244140625
0 0.79248046875 0.1982421875 0.0224609375 0.015625
0 0.76708984375 0.20703125 0.0302734375 0.02734375
0 0.17822265625 0.0830078125 0.0283203125 0.03515625
0 0.24951171875 0.095703125 0.0224609375 0.02734375
0 0.232421875 0.0927734375 0.025390625 0.015625
0 0.21875 0.0908203125 0.029296875 0.029296875
0 0.2041015625 0.09912109375 0.025390625 0.0244140625
0 0.17236328125 0.11181640625 0.0126953125 0.0302734375
0 0.21435546875 0.11572265625 0.0224609375 0.0302734375
0 0.2294921875 0.1220703125 0.03125 0.03125
0 0.2412109375 0.13037109375 0.03125 0.0380859375
0 0.18505859375 0.123046875 0.0205078125 0.025390625
0 0.1923828125 0.11572265625 0.01953125 0.0302734375
0 0.193359375 0.14404296875 0.025390625 0.0263671875
0 0.2119140625 0.15576171875 0.025390625 0.0322265625
