0 0.4970703125 0.376953125 0.01953125 0.029296875
0 0.47216796875 0.38671875 0.0185546875 0.02734375
0 0.4970703125 0.39892578125 0.013671875 0.0302734375
0 0.50634765625 0.408203125 0.0244140625 0.021484375
0 0.4931640625 0.41796875 0.015625 0.033203125
0 0.4580078125 0.39453125 0.015625 0.01953125
0 0.45947265625 0.42041015625 0.0224609375 0.0244140625
0 0.4794921875 0.42919921875 0.015625 0.0302734375
0 0.47607421875 0.44287109375 0.0126953125 0.0244140625
0 0.1982421875 0.46435546875 0.0234375 0.0146484375
0 0.18505859375 0.44921875 0.0185546875 0.025390625
0 0.13232421875 0.44384765625 0.0224609375 0.0224609375
0 0.154296875 0.451171875 0.017578125 0.0234375
0 0.13232421875 0.46630859375 0.0205078125 0.0244140625
0 0.138671875 0.48828125 0.01953125 0.017578125
0 0.15283203125 0.47216796875 0.0146484375 0.0185546875
0 0.150390625 0.49755859375 0.017578125 0.0244140625
0 0.16650390625 0.49169921875 0.0185546875 0.0244140625
0 0.18408203125 0.4814453125 0.0166015625 0.021484375
0 0.17041015625 0.46240234375 0.0107421875 0.0244140625
