0 0.2744140625 0.03759765625 0.04296875 0.0380859375
0 0.25634765625 0.064453125 0.0400390625 0.056640625
0 0.208984375 0.037109375 0.037109375 0.048828125
0 0.173828125 0.04150390625 0.021484375 0.0478515625
0 0.16357421875 0.05517578125 0.0244140625 0.0458984375
0 0.19091796875 0.068359375 0.0302734375 0.046875
0 0.2255859375 0.07861328125 0.048828125 0.0439453125
0 0.318359375 0.1123046875 0.044921875 0.04296875
0 0.3037109375 0.10205078125 0.037109375 0.0458984375
0 0.2880859375 0.646484375 0.0390625 0.044921875
0 0.30712890625 0.640625 0.0517578125 0.03125
0 0.32568359375 0.65283203125 0.0439453125 0.0302734375
0 0.3486328125 0.68505859375 0.04296875 0.0400390625
0 0.2587890625 0.6787109375 0.0234375 0.046875
0 0.275390625 0.70751953125 0.03515625 0.0478515625
0 0.29638671875 0.73291015625 0.0419921875 0.0400390625
0 0.3154296875 0.6884765625 0.033203125 0.041015625
0 0.3330078125 0.71484375 0.0546875 0.041015625
0 0.26953125 0.76611328125 0.04296875 0.0634765625
0 0.6630859375 0.91357421875 0.05078125 0.0419921875
0 0.625 0.89013671875 0.052734375 0.0419921875
0 0.58056640625 0.896484375 0.0302734375 0.037109375
0 0.583984375 0.93994140625 0.03125 0.0498046875
0 0.6513671875 0.97216796875 0.05078125 0.0478515625
0 0.6171875 0.93408203125 0.044921875 0.0556640625
0 0.607421875 0.96630859375 0.037109375 0.0556640625
