0 0.103515625 0.24853515625 0.017578125 0.0498046875
0 0.08984375 0.27783203125 0.03125 0.0517578125
0 0.12744140625 0.27978515625 0.0263671875 0.0380859375
0 0.1513671875 0.29052734375 0.0234375 0.0458984375
0 0.1474609375 0.32666015625 0.046875 0.0517578125
0 0.1181640625 0.3427734375 0.03515625 0.03515625
0 0.07763671875 0.33837890625 0.0400390625 0.0576171875
0 0.5400390625 0.7490234375 0.04296875 0.03515625
0 0.556640625 0.78662109375 0.041015625 0.0380859375
0 0.51806640625 0.79931640625 0.0380859375 0.0498046875
0 0.48974609375 0.76904296875 0.0263671875 0.0380859375
0 0.4228515625 0.81201171875 0.03515625 0.0478515625
0 0.43701171875 0.85205078125 0.0439453125 0.0556640625
0 0.4677734375 0.8251953125 0.033203125 0.0390625
0 0.47802734375 0.86474609375 0.0400390625 0.0380859375
0 0.4931640625 0.798828125 0.03515625 0.03125
0 0.51025390625 0.8310546875 0.0322265625 0.046875
