0 0.107421875 0.25390625 0.03125 0.03125
0 0.109375 0.23828125 0.03125 0.03125
0 0.15625 0.2578125 0.03125 0.03125
0 0.154296875 0.244140625 0.03125 0.03125
0 0.693359375 0.35546875 0.03125 0.03125
0 0.685546875 0.345703125 0.03125 0.03125
0 0.345703125 0.53125 0.03125 0.03125
0 0.873046875 0.703125 0.03125 0.03125
0 0.916015625 0.89453125 0.03125 0.03125
0 0.9140625 0.8828125 0.03125 0.03125
0 0.0703125 0.060546875 0.03125 0.03125
0 0.0625 0.041015625 0.03125 0.03125
0 0.7255859375 0.08740234375 0.015625 0.0263671875
0 0.73974609375 0.0859375 0.0224609375 0.0234375
0 0.73828125 0.10107421875 0.017578125 0.0283203125
