0 0.407872 0.646456 0.050173 0.059778
0 0.942258 0.898377 0.048875 0.066610
0 0.295415 0.590948 0.051038 0.056362
0 0.242431 0.884714 0.044550 0.061486
0 0.469507 0.304868 0.043685 0.063194
0 0.567907 0.324936 0.049308 0.053800
0 0.449394 0.154142 0.045848 0.081127
0 0.857915 0.463279 0.047145 0.062340
0 0.581964 0.947054 0.048875 0.054654
0 0.440311 0.761742 0.045848 0.049530
0 0.858780 0.055081 0.054931 0.043553
0 0.658304 0.311699 0.055363 0.054654
0 0.644680 0.353117 0.051471 0.046968
0 0.714100 0.605892 0.049308 0.048676
0 0.774870 0.951751 0.049740 0.050384
0 0.122189 0.576003 0.047145 0.050384
0 0.088668 0.511529 0.038927 0.052946
0 0.226427 0.479505 0.049740 0.043553
0 0.262543 0.375747 0.045848 0.046114
0 0.218209 0.283945 0.047145 0.050384
0 0.289792 0.104611 0.043253 0.058924
0 0.275519 0.062340 0.046713 0.039283
0 0.461938 0.083262 0.055363 0.040137
0 0.567690 0.149445 0.048010 0.047822
0 0.934689 0.233561 0.052768 0.033305
0 0.935986 0.329633 0.047578 0.040991
0 0.937500 0.292485 0.025519 0.053800
0 0.774221 0.189155 0.043253 0.048676
0 0.141003 0.681896 0.047578 0.052092
0 0.201125 0.755337 0.051038 0.048676
0 0.588235 0.238685 0.037197 0.043553
0 0.555147 0.289069 0.036765 0.028181
0 0.794983 0.083689 0.048443 0.034159
0 0.844507 0.020922 0.018599 0.035013
0 0.884516 0.111870 0.032872 0.037575
0 0.920848 0.094364 0.032007 0.035013
0 0.863106 0.167378 0.017734 0.029035
0 0.827206 0.268147 0.027249 0.047822
0 0.676038 0.453459 0.037197 0.039283
0 0.630190 0.633646 0.031142 0.027327
0 0.634948 0.651580 0.038062 0.035867
0 0.588452 0.781383 0.038495 0.020495
0 0.583910 0.805722 0.032007 0.074295
0 0.671929 0.954740 0.030709 0.030743
0 0.855104 0.906063 0.042388 0.029035
0 0.887760 0.892827 0.025519 0.033305
0 0.919766 0.762169 0.032439 0.053800
0 0.044334 0.834757 0.026384 0.057216
0 0.040657 0.897523 0.037197 0.030743
0 0.187933 0.639624 0.027249 0.040991
0 0.365052 0.502562 0.051903 0.055508
0 0.363971 0.402647 0.042820 0.052092
0 0.408521 0.370623 0.040225 0.032451
0 0.421280 0.442357 0.039792 0.029035
0 0.454152 0.466695 0.025087 0.024765
0 0.507353 0.590094 0.041522 0.051238
0 0.318123 0.344150 0.036765 0.029035
0 0.346453 0.325790 0.032007 0.050384
0 0.056012 0.213920 0.028114 0.052092
0 0.078287 0.199402 0.033737 0.038429
0 0.071799 0.334330 0.044983 0.040137
0 0.026384 0.339453 0.020761 0.052092
0 0.121972 0.472246 0.033737 0.040991
0 0.182526 0.260461 0.051903 0.046114
0 0.434472 0.614859 0.043685 0.046114
0 0.722967 0.636635 0.025519 0.033305
0 0.724697 0.676772 0.015138 0.035013
0 0.841696 0.521349 0.038927 0.033305
0 0.463452 0.052092 0.047145 0.032451
0 0.47607421875 0.98046875 0.0478515625 0.03515625
0 0.60888671875 0.9794921875 0.0654296875 0.037109375
0 0.97705078125 0.95166015625 0.0302734375 0.0576171875
0 0.15185546875 0.81982421875 0.0673828125 0.0439453125
0 0.06689453125 0.4912109375 0.0498046875 0.0390625
0 0.44873046875 0.91455078125 0.0341796875 0.0478515625
0 0.68701171875 0.07958984375 0.0322265625 0.0537109375
0 0.71533203125 0.1162109375 0.0224609375 0.03125
0 0.87890625 0.27734375 0.029296875 0.0546875
0 0.8828125 0.33056640625 0.0234375 0.0380859375
0 0.86279296875 0.326171875 0.0205078125 0.044921875
