0 0.40234375 0.078125 0.029296875 0.0390625
0 0.1396484375 0.20751953125 0.02734375 0.0283203125
0 0.09375 0.32568359375 0.0390625 0.0361328125
0 0.10302734375 0.369140625 0.0400390625 0.0390625
0 0.03564453125 0.513671875 0.0361328125 0.0390625
0 0.251953125 0.38818359375 0.029296875 0.0361328125
0 0.32421875 0.3037109375 0.029296875 0.037109375
0 0.466796875 0.49072265625 0.029296875 0.0380859375
0 0.31982421875 0.72314453125 0.0361328125 0.0341796875
0 0.28466796875 0.96728515625 0.0400390625 0.0283203125
0 0.4326171875 0.71728515625 0.03515625 0.0302734375
0 0.4091796875 0.84130859375 0.03125 0.0341796875
0 0.341796875 0.98291015625 0.025390625 0.0244140625
0 0.65966796875 0.69482421875 0.0302734375 0.0322265625
0 0.6298828125 0.20703125 0.02734375 0.037109375
0 0.755859375 0.21044921875 0.029296875 0.0361328125
0 0.900390625 0.67236328125 0.033203125 0.0478515625
0 0.73291015625 0.92919921875 0.0302734375 0.0361328125
