0 0.021484375 0.056640625 0.0390625 0.04296875
0 0.16748046875 0.02001953125 0.0751953125 0.0361328125
0 0.17529296875 0.1962890625 0.0849609375 0.05078125
0 0.0341796875 0.380859375 0.056640625 0.048828125
0 0.236328125 0.412109375 0.095703125 0.060546875
0 0.47509765625 0.29052734375 0.0732421875 0.1044921875
0 0.39453125 0.43994140625 0.1171875 0.0751953125
0 0.08935546875 0.5888671875 0.1103515625 0.05859375
0 0.6953125 0.02978515625 0.06640625 0.0419921875
0 0.7421875 0.17138671875 0.083984375 0.0556640625
0 0.9384765625 0.17724609375 0.10546875 0.0947265625
0 0.79150390625 0.330078125 0.0791015625 0.048828125
0 0.6845703125 0.3759765625 0.09765625 0.0859375
0 0.67138671875 0.59033203125 0.0947265625 0.0849609375
0 0.916015625 0.6083984375 0.068359375 0.064453125
0 0.71533203125 0.74072265625 0.1220703125 0.0693359375
0 0.421875 0.82470703125 0.1015625 0.0654296875
0 0.74072265625 0.91845703125 0.0869140625 0.1025390625
